   1 1  14 13 17 18 14   3 4 2
   1 1  11 14 15 10 12   3 4 2
   4 1  20 20 16 16 13   1 1 1
   4 1  17 19 13 13 14   1 1 1
   5 1  11  8 15 16 12   1 1 1
   5 1  16 13 13  8 15   1 1 1
   7 2   9 19  7 10  6   3 2 4
   7 2   8 16 15 17 11   3 2 4
  10 2  15 23 23 21 21   5 4 3
  10 2  15 13 13 20 19   5 4 3
  11 2  20 17 16 12 12   4 2 3
  11 2  19 18 13 18 15   4 2 3
  12 1  26 20 27 23 28   4 6 3
  12 1  25 20 29 24 30   4 6 3
  16 1  28 31 31 29 30   4 6 5
  16 1  27 28 28 27 30   4 6 5
  17 2  24 25 17 21 22   5 4 1
  17 2  27 25 22 24 23   5 4 1
  19 1  19 19 17 22 16   3 2 2
  19 1  19 22 13 14 17   3 2 2
  20 1   7 18 15 14  5   2 1 2
  20 1  16 15 17 15  7   2 1 2
  26 1  22 23 23 24 23   3 5 4
  26 1  21 24 24 24 26   3 5 4
  27 2   8  7 13  3 10   4 1 3
  27 2  16 15 13 14 15   4 1 3
  28 1  25 17 21 18 23   4 3 2
  28 1  22 13 19 15 19   4 3 2
  29 1  21 14 25 23 25   4 4 4
  29 1  18 17 17 20 20   4 4 4
  30 2  22 21 16 21 27   5 3 2
  30 2  24 20 25 18 26   5 3 2
  33 2  23 26 25 20 23   6 6 2
  33 2  18 13 24 18 22   6 6 2
  35 1  18 19 21 20 21   2 4 2
  35 1  23 20 16 18 24   2 4 2
  36 1  19 25 25 28 26   3 5 5
  36 1  23 29 24 23 27   3 5 5
  37 1  13 14 14 11 13   2 1 1
  37 1  14 12 13 13 16   2 1 1
  38 1  10 17 12 20  9   6 5 4
  38 1  15 16 21 14 10   6 5 4
  39 2  19 22 22 17 21   . . .
  39 2  23 26 18 24 23   . . .
  42 1  23 11 21 21 21   4 4 1
  42 1  24 23 24 21 21   4 4 1
  46 1  17  5 14 15 18   4 4 4
  46 1  20 13 13 13 18   4 4 4
  48 2  20 27 23 23 18   4 6 5
  48 2  24 28 28 31 28   4 6 5
  49 1  24 30 25 27 28   3 4 2
  49 1  27 30 25 28 29   3 4 2
  50 1  21  7 19 14 16   2 1 3
  50 1  22 14 16 18 15   2 1 3
  52 1  22 26 21 21 20   3 6 .
  52 1  24 16 25 23 22   3 6 .
  55 1  27 25 26 25 25   4 3 3
  55 1  22 30 25 27 26   4 3 3
  57 1  17 11 20 19 18   4 3 5
  57 1  20 18 20 19 18   4 3 5
  59 1  14 13 17  9 18   3 3 3
  59 1  14 14 19 13 18   3 3 3
  61 2  23 22 28 26 27   3 4 3
  61 2  27 26 26 27 28   3 4 3
  63 1  20 20 21 22 24   4 2 1
  63 1  24 25 21 23 30   4 2 1
  64 1  16 23 20 23 23   4 5 6
  64 1  21 27 25 26 25   4 5 6
  65 1  17 22 28 25 24   4 2 2
  65 1  17 23 26 25 22   4 2 2
  67 1  19 23 26 27 26   3 3 4
  67 1  17 33 25 25 27   3 3 4
  68 1  25 23 22 26 24   3 3 1
  68 1  26 30 29 21 24   3 3 1
  71 1  23 20 22 18 23   2 2 1
  71 1  25 25 27 25 23   2 2 1
  72 1  19 29 25 24 28   4 4 5
  72 1  27 24 26 24 25   4 4 5
  74 1  19 29 25 24 23   5 3 2
  74 1  14 25 15 22 18   5 3 2
  78 1  27 31 22 26 20   5 6 4
  78 1  25 25 26 28 23   5 6 4
  79 2  23 32 17 26 22   3 4 4
  79 2  18 11 15 14 18   3 4 4
  80 1  17 20 22 22 23   4 6 4
  80 1  14 21 17 15 21   4 6 4
  82 1  25 18 23 17 22   3 4 4
  82 1  27 23 28 26 29   3 4 4
  83 1  24 26 21 22 22   4 5 4
  83 1  26 25 26 24 24   4 5 4
  84 2  19 11 17 15 13   3 2 6
  84 2  19 24 17 18 18   3 2 6
  85 1  24 24 28 26 27   4 6 5
  85 1  21 27 29 29 26   4 6 5
  88 1  25 19 26 15 25   3 4 7
  88 1  25 20 25 25 27   3 4 7
  89 2  12 17 15 11 19   3 2 4
  89 2  19 17 18 17 19   3 2 4
  90 1  11 14 13  8 10   3 3 1
  90 1  13 20 16 13 14   3 3 1
  91 1  25 25 20 17 21   4 6 5
  91 1  22 28 21 20 18   4 6 5
  92 2  20 24 27 18 23   3 4 4
  92 2  18 17 12 17 24   3 4 4
  96 1  23 20 23 21 25   4 5 4
  96 1  23 21 26 23 25   4 5 4
  97 1  17 20 18 14 18   4 3 2
  97 1  19 18 19 21 19   4 3 2
 100 2  19 22 26 16 20   4 4 3
 100 2  24 26 19 16 21   4 4 3
 102 2  28 22 25 26 20   3 5 6
 102 2  24 27 22 27 22   3 5 6
 103 1  14 11 25 23 30   5 5 4
 103 1  20 11 26 18 32   5 5 4
 104 1  18 26 21 23 19   4 3 7
 104 1  17 23 21 26 20   4 3 7
 105 2  24 30 25 29 26   6 4 4
 105 2  25 32 29 29 31   6 4 4
 106 1  22 22 24 24 22   4 4 4
 106 1  22 26 23 23 22   4 4 4
 107 1  25 20 24 21 20   4 4 5
 107 1  25 26 29 25 23   4 4 5
 108 2  23 27 18 16 21   4 5 4
 108 2  18 21 12 10 14   4 5 4
 109 2  27 34 30 29 32   6 5 7
 109 2  28 34 31 30 31   6 5 7
 110 1  25 24 29 19 29   3 5 1
 110 1  26 24 27 28 29   3 5 1
 111 1  23 28 25 23 21   4 4 4
 111 1  26 26 24 22 24   4 4 4
 112 1  14 26 21 20 21   2 1 2
 112 1  13 20 21 12 19   2 1 2
 113 2  19 28 18 21 21   5 6 3
 113 2  26 29 25 24 24   5 6 3
 114 1  14 21 15 17 13   2 1 1
 114 1  18 20 18 16 16   2 1 1
 115 1  22 21 25 22 22   4 5 3
 115 1  21 23 22 20 28   4 5 3
 116 1  15 14 14 16 14   1 1 1
 116 1  15 14 18 17 15   1 1 1
 117 1  20 20 21 19 21   3 3 5
 117 1  21 25 20 23 23   3 3 5
 118 1  20 19 24 18 21   5 4 3
 118 1  19 11 17 21 20   5 4 3
 123 2  17 11 11 16 13   2 1 2
 123 2  14 17 15 20 18   2 1 2
 124 2  13 14 18 11 13   3 3 .
 124 2  17 14 15 11 16   3 3 .
 133 1  17 13 15 18 17   4 4 3
 133 1  16 12 17 18 17   4 4 3
 134 1  11  6 17  8 16   3 4 4
 134 1  15 12 17 21 17   3 4 4
 139 2  12 12 13 18 18   5 5 5
 139 2  18 13 18 18 20   5 5 5
 140 2  21 20 18 24 16   5 4 4
 140 2  20 21 14 16 17   5 4 4
 142 1  16 25 21 21 18   4 5 2
 142 1  15 18 16 21 17   4 5 2
 145 1  24 19 24 23 23   3 3 3
 145 1  23 19 26 23 27   3 3 3
 148 2  16 19 20  9 22   4 3 4
 148 2  14 21 18 19 18   4 3 4
 149 2  26 33 25 29 25   5 5 5
 149 2  27 34 29 31 25   5 5 5
 151 1  20 20 19 21 21   3 3 4
 151 1  24 20 21 21 21   3 3 4
 153 1  20 18 25 15 25   3 4 4
 153 1  13 13 16 12 22   3 4 4
 154 1  21 20 15 19 17   3 2 2
 154 1  15 28 17 23 14   3 2 2
 155 1  27 15 25 23 27   3 3 7
 155 1  23 19 27 23 28   3 3 7
 157 1  30 34 29 31 32   6 5 7
 157 1  30 34 32 33 32   6 5 7
 160 1  21 11 26 20 22   4 4 4
 160 1  24 27 26 29 23   4 4 4
 161 2  28 20 24 25 23   3 5 3
 161 2  24 25 28 25 27   3 5 3
 164 1  19 29 20 18 24   5 6 4
 164 1  22 25 24 21 24   5 6 4
 165 1  30 32 31 30 28   5 6 2
 165 1  30 27 31 28 29   5 6 2
 166 2  23 20 22 24 25   4 5 5
 166 2  21 18 17 15 18   4 5 5
 167 1  25 18 20 23 19   4 5 3
 167 1  24 23 23 20 20   4 5 3
 168 1  21 24 23 28 25   3 3 4
 168 1  22 26 28 29 28   3 3 4
 170 2  14 22 20 10 22   5 5 3
 170 2  22 17 21 14 23   5 5 3
 171 2  20 25 26 23 22   3 6 6
 171 2  21 18 19 15 18   3 6 6
 173 2  25 23 21 27 22   4 1 2
 173 2  20 12 16 21 21   4 1 2
 175 2  25 27 18 21 23   4 5 4
 175 2  24 21 26 25 26   4 5 4
 176 1  23 28 26 25 28   5 5 5
 176 1  24 31 24 26 27   5 5 5
 177 2  27 24 28 28 25   3 4 3
 177 2  30 23 31 28 31   3 4 3
 178 1  26 24 32 26 28   4 6 5
 178 1  25 29 32 22 30   4 6 5
 179 2  19 28 25 25 24   3 5 4
 179 2  25 33 28 27 23   3 5 4
 182 1  22 20 19 13 12   4 3 4
 182 1  20 22 18 20 17   4 3 4
 183 1  19 17 18 20 14   1 2 2
 183 1  17 18 19 19 16   1 2 2
 184 2  19 20 18 22 22   5 6 4
 184 2  24 23 21 24 23   5 6 4
 185 1  24 25 24 23 26   . . .
 185 1  24 28 21 23 26   . . .
 190 2  20 30 22 22 24   4 5 5
 190 2  24 32 23 21 27   4 5 5
 192 1  29 35 30 31 28   3 4 4
 192 1  30 30 29 28 30   3 4 4
 195 2  24 20 26 20 28   5 4 2
 195 2  17 25 16 12 19   5 4 2
 198 1  17 20 19 19 19   3 3 4
 198 1  16 22 18 18 21   3 3 4
 199 1  18 12 17 12 18   2 1 2
 199 1  17 18 20 21 20   2 1 2
 200 1  13 17 13 12 15   3 4 3
 200 1  11 19 12 21 11   3 4 3
 203 1  22 23 21 14 27   1 1 2
 203 1  24 25 23 23 30   1 1 2
 206 2  19 20 27 22 25   5 3 4
 206 2  18 17 18 18 22   5 3 4
 207 2  26 28 24 25 26   3 5 3
 207 2  28 25 25 26 28   3 5 3
 209 2  20 24 23 22 23   3 5 3
 209 2  25 25 25 20 28   3 5 3
 212 1  24 24 24 24 28   5 6 4
 212 1  22 29 27 28 25   5 6 4
 213 1  11 13 18  9 15   1 1 .
 213 1  14 12 19 14 18   1 1 .
 214 1  14 14 12 13 10   3 3 1
 214 1  14 14 18 15 16   3 3 1
 215 1  19 12 26 20 26   4 2 3
 215 1  21 24 28 21 27   4 2 3
 216 1  16 23 24 26 16   1 1 1
 216 1  16 20 21 25 14   1 1 1
 218 1  15 14 14 23 15   6 5 7
 218 1  16 16 17 24 17   6 5 7
 220 2  21 27 23 28 23   4 5 4
 220 2  26 33 25 30 26   4 5 4
 222 2  27 13 23 18 21   4 5 4
 222 2  20 16 20 16 25   4 5 4
 224 1  30 26 31 27 32   6 6 7
 224 1  30 25 29 20 31   6 6 7
 226 1  19 31 27 27 25   3 3 2
 226 1  22 31 26 31 25   3 3 2
 228 2  26 24 23 23 23   6 6 4
 228 2  24 27 23 25 24   6 6 4
 231 1  14 15 13 13 22   3 4 .
 231 1  14 20 18 12 21   3 4 .
 234 1  27 17 27 22 28   5 6 3
 234 1  28 21 22 21 30   5 6 3
 235 2  18 25 17 26 18   3 3 2
 235 2  23 27 25 27 26   3 3 2
 236 1  30 25 22 22 24   5 3 4
 236 1  30 25 23 22 25   5 3 4
 237 2  28 21 26 26 26   1 1 3
 237 2  24 24 32 27 28   1 1 3
 238 1  26 28 21 29 23   5 3 3
 238 1  26 28 28 28 29   5 3 3
 240 1  25 25 25 25 27   6 4 3
 240 1  27 29 28 27 27   6 4 3
 242 1  12 11 20 14 20   3 2 1
 242 1  16  7 24 14 24   3 2 1
 243 2  19 19 13 18 18   4 6 7
 243 2  15 20 19 21 19   4 6 7
 244 1  28 29 28 29 27   1 2 4
 244 1  31 34 30 29 30   1 2 4
 245 1  28 28 26 25 27   3 4 4
 245 1  30 29 26 25 28   3 4 4
 248 1  25 30 24 26 22   3 4 5
 248 1  23 31 25 27 24   3 4 5
 250 2  15 18 10 18 15   4 4 4
 250 2  18 18 16  9 17   4 4 4
 253 1  23 24 23 24 22   2 1 2
 253 1  22 27 27 26 23   2 1 2
 255 1  21 22 24 21 24   4 6 3
 255 1  25 30 25 22 20   4 6 3
 260 1  11 14 15 14 16   . . .
 260 1  14 14 12  9 13   . . .
 262 2  21 18 23 21 16   5 4 5
 262 2  25 32 21 25 22   5 4 5
 263 1  14 23 17 16 10   3 3 4
 263 1  17 22 15 13 15   3 3 4
 265 1  22 12 25 18 22   1 1 2
 265 1  20 10 21 22 22   1 1 2
 266 1  24 23 23 23 21   1 1 1
 266 1  24 27 24 25 24   1 1 1
 268 2  18 17 15 12 12   1 2 1
 268 2  20 18 16 14 14   1 2 1
 269 1  19 17 16 13 14   3 3 3
 269 1  23 16 18 15 17   3 3 3
 270 2  17 13 13 10 17   3 1 2
 270 2  21  7 16 16 18   3 1 2
 271 2  17 11 15 16 16   3 1 2
 271 2  13 17 19 19 14   3 1 2
 272 1  22 22 21 22 22   4 5 3
 272 1  20 23 24 22 24   4 5 3
 274 2  22 11 21 12 17   2 1 1
 274 2  17 17 17 17 18   2 1 1
 275 1  22 26 23 24 27   6 5 2
 275 1  11 20 21 18 21   6 5 2
 277 1  18 23 24 21 23   5 6 4
 277 1  23 30 22 24 25   5 6 4
 279 2  20 26 20 18 17   3 1 3
 279 2  19 20 16 21 18   3 1 3
 281 1  20 24 16 23 19   6 2 4
 281 1  24 25 17 26 22   6 2 4
 287 1  26 29 22 23 24   5 3 4
 287 1  19 17 21 23 22   5 3 4
 288 1  26 17 25 10 29   6 4 3
 288 1  22 22 22 15 25   6 4 3
 291 1  19 19 17 19 19   2 4 3
 291 1  17 20 18 21 19   2 4 3
 295 2  26 24 29 27 28   3 1 3
 295 2  12  4 15 17 18   3 1 3
 304 1  25 25 24 25 25   3 2 2
 304 1  25 22 21 21 25   3 2 2
 308 1  27 19 23 24 20   5 3 5
 308 1  29 32 27 27 22   5 3 5
 309 1  24 22 14 18 21   3 3 2
 309 1  22 14 16 20 23   3 3 2
 310 2  21 19 19 18 23   3 6 4
 310 2  24 19 25 24 24   3 6 4
 311 1  22 24 20 20 20   2 3 2
 311 1  24 30 24 25 24   2 3 2
 312 2  27 20 23 16 26   2 2 1
 312 2  25 20 23 21 25   2 2 1
 315 1  21 31 20 21 22   5 3 2
 315 1  17 31 19 25 18   5 3 2
 316 2  20 29 25 26 26   3 3 2
 316 2  15 14 17 16 21   3 3 2
 317 1  24 22 19 18 21   2 2 4
 317 1  22 20 18 12 21   2 2 4
 318 2  24 30 28 25 27   2 2 3
 318 2  19 20 17 20 20   2 2 3
 319 1  17 24 16 22 21   3 5 3
 319 1  21 22 19 20 22   3 5 3
 320 2  14 14 13 14 14   5 3 2
 320 2  10 19 13  6 13   5 3 2
 321 1  21 26 21 21 15   3 3 2
 321 1  21 15 18 17 17   3 3 2
 323 1  24 32 25 27 23   3 5 4
 323 1  26 34 29 26 24   3 5 4
 324 2  26 20 22 20 24   4 6 5
 324 2  28 19 22 19 25   4 6 5
 327 2  17 17 26 23 24   3 2 4
 327 2  13 18 18 22 19   3 2 4
 329 1   9 17 16 21 16   3 3 2
 329 1  12 17 13  6 12   3 3 2
 330 1  17 13 20  8 25   4 5 .
 330 1  20 11 16 13 24   4 5 .
 331 2  13 24 16 15 12   4 2 .
 331 2  18 23 14 21 11   4 2 .
 332 2  24 28 25 26 24   3 3 3
 332 2  21 25 25 20 22   3 3 3
 335 2  19 28 20 18 20   3 3 3
 335 2  17 25 19 17 12   3 3 3
 336 1  22 28 28 21 25   4 4 3
 336 1  21 30 28 29 19   4 4 3
 337 1  24 23 24 26 20   3 3 2
 337 1  22 21 21 19 22   3 3 2
 338 1  27 34 26 26 28   4 6 1
 338 1  27 24 21 25 23   4 6 1
 340 1  16 18  7 17 15   3 1 2
 340 1  11 17 14 12 14   3 1 2
 342 1  20 20 18 21 19   4 6 3
 342 1  17 19 15 16 19   4 6 3
 343 1  21 16 12 11 18   3 2 3
 343 1  21 14 18 15 17   3 2 3
 345 1  19 22 24 24 30   4 5 4
 345 1  22 32 27 29 30   4 5 4
 348 1  22 28 22 25 24   2 3 3
 348 1  23 28 25 27 24   2 3 3
 351 1  13 12 14 20 14   4 5 4
 351 1  14 10 19 14 16   4 5 4
 352 1  24 25 31 31 29   5 5 .
 352 1  20 25 29 30 29   5 5 .
 355 1  11 12 13 16 17   4 3 2
 355 1  10 11 15 13 14   4 3 2
 358 1  18 15 20 22 19   4 3 3
 358 1  19 15 21 20 14   4 3 3
 360 2  11 11 15  9 15   3 3 4
 360 2  21 19 19 14 18   3 3 4
 362 1  23 15 21 12 27   3 5 4
 362 1  21 15 21 13 24   3 5 4
 363 2  24 24 20 24 24   4 1 2
 363 2  22 24 22 23 22   4 1 2
 365 1  21 16 21 16 19   5 5 4
 365 1  16 14 19 18 19   5 5 4
 367 2  27 28 27 27 30   3 3 3
 367 2  21 21 24 19 25   3 3 3
 371 2  20 25 21 23 22   3 4 3
 371 2  17 19 20 17 22   3 4 3
 374 1  19 28 24 20 24   1 2 2
 374 1  16 23 22 18 21   1 2 2
 375 2  21 24 22 15 20   2 1 .
 375 2  23 14 22 24 22   2 1 .
 377 2  23 13 23 19 23   3 3 1
 377 2  20  7 19 12 21   3 3 1
 380 2  30 21 25 25 29   3 4 3
 380 2  24 19 23 23 29   3 4 3
 382 1  23 34 29 29 29   4 5 5
 382 1  24 32 29 28 30   4 5 5
 383 1  20 13 25 12 25   4 4 6
 383 1   9 16 19 10 21   4 4 6
 384 1  24 25 24 25 25   4 4 .
 384 1  21 20 24 16 20   4 4 .
 385 2  23 29 26 29 29   3 6 4
 385 2  27 32 24 27 24   3 6 4
 386 1  18 18 23 20 23   5 6 6
 386 1  21 22 23 19 23   5 6 6
 388 1  18 14 17 20 18   3 4 4
 388 1  15 19 20 15 18   3 4 4
 392 1  17 12 19 18 15   3 3 2
 392 1  21 12 18 14 18   3 3 2
 393 2  19 14 17 15 19   5 5 4
 393 2  19 16 23  8 24   5 5 4
 394 2  24 11 18 13 19   5 5 5
 394 2  25 20 14 17 18   5 5 5
 396 2  23 26 20 19 24   5 6 6
 396 2  26 33 28 27 26   5 6 6
 397 1  20 26 26 18 25   2 2 3
 397 1  21 28 26 24 26   2 2 3
 401 2  21 20 20 25 24   . . .
 401 2  23 25 20 15 21   . . .
 402 1  19 26 27 21 26   3 3 3
 402 1  22 23 30 18 28   3 3 3
 406 2  22 29 20 18 19   2 3 2
 406 2  22 19 19 15 18   2 3 2
 408 1   7  4  9  8 14   4 3 4
 408 1  17 12 10 12 17   4 3 4
 411 2  19 20 13 17 18   3 4 7
 411 2  15 23 17 18 21   3 4 7
 412 1  26 31 20 16 21   4 6 6
 412 1  22 30 23 25 22   4 6 6
 415 2  19 26 19 23 17   5 5 4
 415 2  15 21 16 21 14   5 5 4
 416 1  16 10 22 11 19   6 6 7
 416 1  14 14 20 14 22   6 6 7
 417 2  25 28 23 28 22   4 2 1
 417 2  25 28 28 29 22   4 2 1
 418 1  26 22 26 26 27   5 6 4
 418 1  23 26 24 25 29   5 6 4
 420 1  25 28 23 27 23   4 4 2
 420 1  27 32 23 23 22   4 4 2
 421 2  16  5 21 13 17   2 4 2
 421 2  17 13 18 14 18   2 4 2
 423 1  17 18 16 21 16   4 3 7
 423 1  17 14 20 23 19   4 3 7
 425 1  14 21 15 23 17   3 4 3
 425 1  19 22 19 21 16   3 4 3
 427 1  20 25 15 23 20   4 6 6
 427 1  20 25 17 26 25   4 6 6
 428 2  25 31 26 28 23   3 6 2
 428 2  27 33 24 29 24   3 6 2
 429 1  20 27 18 21 19   3 1 3
 429 1  21 28 16 23 21   3 1 3
 430 2  25 22 18 23 22   3 3 3
 430 2  23 25 26 23 22   3 3 3
 432 2  13 14 16 11 19   4 6 3
 432 2  17 12 18 15 16   4 6 3
 433 1  21 22 21 17 22   4 4 5
 433 1  27 22 17 15 24   4 4 5
 435 1  21 23 22 23 23   4 6 3
 435 1  25 21 23 25 20   4 6 3
 437 2  23 20 21 24 20   4 3 2
 437 2  26 25 22 21 24   4 3 2
 438 1  12 20 15 17 12   2 1 2
 438 1  15 18 14 17 13   2 1 2
 439 2  26 33 24 28 24   2 3 2
 439 2  24 30 31 26 27   2 3 2
 440 1  20 29 23 29 24   4 3 2
 440 1  21 30 26 25 25   4 3 2
 442 2  22 10 23 17 20   3 3 3
 442 2  21 17 18 20 19   3 3 3
 444 1  17 27 19 21 16   4 4 3
 444 1  19 23 22 23 19   4 4 3
 445 2  18 14 15 12 14   4 3 2
 445 2  17 20 19 21 14   4 3 2
 446 1  10 20 24 22 19   3 1 2
 446 1  18 17 19 22 20   3 1 2
 447 1  16 18 14 11 22   4 1 3
 447 1  13 14 22 17 24   4 1 3
 449 1  22 21 22 24 24   1 4 3
 449 1  25 16 25 26 27   1 4 3
 450 2  21 20 20 21 20   4 6 .
 450 2  26 28 24 27 23   4 6 .
 451 2  26 21 21 23 22   3 3 .
 451 2  22 25 21 26 22   3 3 .
 452 2  17 14 20 14 15   3 3 .
 452 2  21 19 15 20 22   3 3 .
 453 2  19 32 16 24 13   4 1 1
 453 2  21 33 27 28 25   4 1 1
 454 1  16 20 23 23 21   4 2 1
 454 1  20 16 19 15 21   4 2 1
 455 2   6  8 11 11 15   3 3 3
 455 2   5 11 13  4 12   3 3 3
 456 2  16 16 17 14 17   3 3 2
 456 2  20 20 19 14 20   3 3 2
 461 2  18 13 19 11 21   3 2 2
 461 2  18 17 15 23 19   3 2 2
 462 1  19 11 19 12 14   3 3 3
 462 1  18 20 21 16 14   3 3 3
 466 2  20 22 22 25 21   2 3 2
 466 2  17 20 21 21 16   2 3 2
 467 2  22 26 20 21 16   5 3 3
 467 2  25 25 21 23 18   5 3 3
 468 1  23 34 32 30 29   5 5 3
 468 1  27 34 32 30 29   5 5 3
 469 1  21 26 21 24 25   3 4 .
 469 1  18 26 24 25 26   3 4 .
 471 2  22 28 21 26 22   1 1 2
 471 2  17 20 11 14 19   1 1 2
 472 1  25 32 29 29 24   4 5 5
 472 1  27 32 30 27 30   4 5 5
 474 1  15 23 25 19 28   4 5 4
 474 1  18 29 21 24 24   4 5 4
 475 2  20 20 20 26 18   5 3 2
 475 2  19 20 15 24 19   5 3 2
 476 2  14 14 16 11 16   6 2 4
 476 2  14 20 17 18 19   6 2 4
 477 1  21 25 20 23 24   3 6 3
 477 1  23 32 24 27 23   3 6 3
 478 2  23 20 21 18 21   3 1 3
 478 2  13 10 16 18 17   3 1 3
 479 2  19 18 20 21 20   3 3 2
 479 2  20 25 20 20 22   3 3 2
 480 2  17 26 22 23 21   4 4 4
 480 2   6 16 13 15 14   4 4 4
 481 1  20 30 22 25 20   5 6 6
 481 1  21 29 24 25 21   5 6 6
 483 1  20 24 23 23 18   3 4 4
 483 1  23 24 23 26 18   3 4 4
 484 2  16 26 13 19 17   5 4 3
 484 2  22 24 14 20 17   5 4 3
 485 1  16 18 16 15 10   3 3 3
 485 1  16 21 17 12 15   3 3 3
 487 1  25 17 20 25 24   3 4 2
 487 1  22 23 22 25 21   3 4 2
 490 1   9 13 16 12 10   4 4 .
 490 1  13 12 17 11 16   4 4 .
 493 1  15 11 12  9 14   3 2 2
 493 1  16 16 17 18 12   3 2 2
 494 1  20 20 21 21 22   3 1 1
 494 1  21 21 18 25 20   3 1 1
 497 2  18 18 16 19 16   4 6 4
 497 2  19 25 15 22 16   4 6 4
 498 1  18 17 17 12 15   5 4 .
 498 1  21 14 17 15 19   5 4 .
 499 1  15 29 20 17 20   2 3 4
 499 1  16 32 25 24 22   2 3 4
 508 1  15 14 14 18 21   2 5 .
 508 1  15 16 18 18 20   2 5 .
 509 2  15 11 15  3 14   3 2 5
 509 2  18 18 13 18 14   3 2 5
 511 1  23 22 17 17 23   1 2 1
 511 1  17 18 19 20 20   1 2 1
 515 2  17  8 15 13 18   1 3 4
 515 2  19 13 15 12 17   1 3 4
 517 2   9  8 18 13 10   4 5 2
 517 2  16 19 20 11 15   4 5 2
 518 2  25 14 26 17 25   1 1 2
 518 2  20 10 19 12 22   1 1 2
 519 1  17 17 19 25 22   2 2 1
 519 1  12  6 18 21 19   2 2 1
 521 2  22 29 22 24 20   5 6 6
 521 2  26 33 26 28 24   5 6 6
 522 1  19 20 22 14 23   4 6 7
 522 1  19 21 24 20 21   4 6 7
 523 2  13 18 13 12 18   3 3 3
 523 2  24 14 18 17 20   3 3 3
 524 2  18 17 20 18 14   3 4 1
 524 2  19 20 22 20 20   3 4 1
 526 1   9 13 15 19 15   3 . 2
 526 1  19 23 18 19 18   3 . 2
 529 1  22 17 23 12 25   1 1 2
 529 1  15 13 20 19 24   1 1 2
 530 1  23 24 21 24 18   2 2 2
 530 1  18 28 25 25 21   2 2 2
 532 1   7 11 15  4 21   6 6 5
 532 1  11  8 16 10 18   6 6 5
 535 1  14 16 13 10 15   5 4 2
 535 1  21 20 16  8 17   5 4 2
 537 2  21 18 21 17 22   3 5 4
 537 2  23 21 23 23 22   3 5 4
 540 1  13 22 16 14 17   5 3 4
 540 1  11 24 20 21 21   5 3 4
 541 2  24 20 20 25 23   6 6 4
 541 2  25 31 25 27 26   6 6 4
 544 2  22 25 19 19 21   3 3 2
 544 2  19 24 22 24 20   3 3 2
 547 1  19 20 15  4 22   4 6 7
 547 1  21 19 16  9 23   4 6 7
 549 1  17 14 23 23 22   4 3 2
 549 1  20 18 21 20 24   4 3 2
 553 2  20 24 28 24 27   3 3 3
 553 2  25 29 28 26 27   3 3 3
 555 2  18 21 20 16 18   4 4 4
 555 2  19 19 18 19 20   4 4 4
 557 2  21 20 23 24 21   6 5 .
 557 2  27 34 27 27 29   6 5 .
 562 1  21 14 24 16 25   4 4 4
 562 1  20 20 25 15 23   4 4 4
 568 2  19 20 16 23 26   5 6 4
 568 2  22 22 21 19 24   5 6 4
 569 2  19 20 21 19 19   2 3 3
 569 2  17 16 19 18 16   2 3 3
 571 2  19 20 19 21 20   2 3 2
 571 2  23 21 17 21 20   2 3 2
 573 1  22 21 20 23 23   3 5 6
 573 1  20 15 18 19 21   3 5 6
 574 2  16 11 13 17 18   3 3 2
 574 2  17 14 20 26 18   3 3 2
 575 2  23 33 32 30 32   5 5 5
 575 2  22 26 27 21 30   5 5 5
 576 1  15 18 22 23 23   4 4 4
 576 1  19 18 18 21 19   4 4 4
 577 1  21 20 18 23 22   3 3 3
 577 1  22 22 22 17 25   3 3 3
 579 2  20 24 17 20 18   3 4 5
 579 2  13 27 11 21 17   3 4 5
 581 2  23 23 25 19 28   4 5 5
 581 2  18 15 23 15 23   4 5 5
 582 1  19 20 18 18 18   2 3 3
 582 1  21 13 20 23 17   2 3 3
 583 2  18 23 17 23 19   3 1 1
 583 2  17 21 25 21 19   3 1 1
 586 1  11 26 20 21 18   4 4 2
 586 1  15 18 26 19 19   4 4 2
 588 2  19 24 19 11 21   1 1 1
 588 2  17 18 20 20 19   1 1 1
 592 2  26 25 28 29 31   5 6 7
 592 2  28 31 30 31 32   5 6 7
 593 1  24 21 27 22 27   3 5 7
 593 1  26 25 27 19 27   3 5 7
 598 1  18 10 16 10 18   1 3 5
 598 1  22 20 21 15 18   1 3 5
 599 1  18 33 17  9 15   3 3 2
 599 1  18 32 18 20 21   3 3 2
 600 1  18 19 17 11 19   3 3 4
 600 1  22 22 17 14 20   3 3 4
 602 2  13 18 17 18 20   . . .
 602 2  21 18 21 16 22   . . .
 605 2  24 29 21 24 21   4 1 2
 605 2  16 26 23 15 23   4 1 2
 608 2  18 17 22 19 22   3 4 3
 608 2  14 20 20 21 18   3 4 3
 610 2  27 35 29 29 24   3 4 4
 610 2  17 29 19 21 20   3 4 4
 614 2  18 12 18 21 18   1 3 1
 614 2  18 20 17 21 18   1 3 1
 617 1  14 10 14  8 16   3 5 3
 617 1  13 12 16 12 17   3 5 3
 618 2  23 25 17 24 25   1 2 3
 618 2  21 25 25 24 27   1 2 3
 620 1  25 23 26 25 24   4 5 5
 620 1  26 26 24 23 24   4 5 5
 621 1  14 16 20 15 25   2 2 1
 621 1  14 20 24 12 24   2 2 1
 623 2  26 32 23 22 26   6 6 4
 623 2  22 29 25 28 31   6 6 4
 624 1  28 26 28 21 29   4 3 2
 624 1  25 29 26 26 26   4 3 2
 625 1  15 13 19 10 18   2 4 1
 625 1  18 16 17 13 18   2 4 1
 626 2  24 29 31 27 30   5 6 5
 626 2  23 25 25  9 23   5 6 5
 627 1  18 21 21 13 21   2 6 2
 627 1  19 20 18 11 19   2 6 2
 629 2  24 25 24 19 22   5 4 3
 629 2  24 28 21 24 27   5 4 3
 631 2  16 22 17  9 17   1 3 2
 631 2  21 16 13 15 16   1 3 2
 632 1  17 18 18  9 13   3 3 1
 632 1  19 11 18 17 14   3 3 1
 633 1  14 24 15 12 14   3 1 2
 633 1  16 19 20 23 11   3 1 2
 636 2  23 14 20 21 26   4 3 1
 636 2  19 22 16 19 20   4 3 1
 637 2  19 19 20 25 19   4 4 .
 637 2  22 23 19 25 18   4 4 .
 641 1  12 17 15  3 15   2 2 1
 641 1  13 16 11 13 15   2 2 1
 642 1  17 20 18 18 18   3 5 5
 642 1  11 19 16 15 18   3 5 5
 643 2  21 20 18 23 20   3 4 5
 643 2  21 19 20 24 22   3 4 5
 645 1  26 26 25 23 28   3 3 4
 645 1  24 28 29 26 29   3 3 4
 647 1   9 12 13 12 15   3 3 1
 647 1   7 13 13 18 13   3 3 1
 650 1  23 19 26 20 29   5 5 4
 650 1  18 20 17 22 23   5 5 4
 651 1  19 26 21 20 20   2 3 3
 651 1  19 20 21 17 20   2 3 3
 652 1  15 31 22 26 18   3 3 3
 652 1  17 23 27 27 20   3 3 3
 653 1  12 17 14 13 14   5 5 5
 653 1  14 19 15 16 17   5 5 5
 654 2  21 22 17 23 18   3 . .
 654 2  18 10 16  4 19   3 . .
 655 1  18 10 22 24 22   6 4 3
 655 1  24 11 20 22 28   6 4 3
 656 2  24 30 26 26 24   4 4 3
 656 2  23 32 28 25 24   4 4 3
 658 2  21 28 19 27 20   3 3 4
 658 2  15 13 17 15 18   3 3 4
 659 2  10  8  5 10  8   6 3 4
 659 2  18 23 17 12 15   6 3 4
 661 2  22 25 21 18 26   1 1 2
 661 2  17 21 20 18 19   1 1 2
 662 2  22 18  9 19 21   2 4 .
 662 2  21 11 13 11 20   2 4 .
 666 1  16 10 16 11 22   4 4 3
 666 1  13 10 18 13 19   4 4 3
 667 2  17 19 26 23 25   4 3 4
 667 2  11 21 25 24 23   4 3 4
 668 2  23 30 22 25 23   . 4 3
 668 2  20 14 18 24 18   . 4 3
 672 2   9  6 13  9 14   3 3 1
 672 2  14  6 14 18 14   3 3 1
 673 1  13 21 24 22 18   3 4 3
 673 1  16 27 24 20 18   3 4 3
 674 1  27 35 30 32 28   5 6 5
 674 1  30 35 32 33 28   5 6 5
 677 1  13 21 18 15 20   2 3 5
 677 1  11 20 16 15 16   2 3 5
 678 2  13  8 16 14 10   1 2 1
 678 2  18 13 13 11 16   1 2 1
 679 2  22 22 27 26 24   4 3 3
 679 2  24 20 21 22 24   4 3 3
 680 1  25 28 25 28 27   4 6 5
 680 1  27 27 28 28 28   4 6 5
 684 2  15 14 16 18 20   4 6 4
 684 2  15 20 21 17 22   4 6 4
 685 2  19 30 24 17 20   5 4 1
 685 2  14 15 18 15 19   5 4 1
 688 1  20 15 20 16 20   4 4 4
 688 1  19 18 23 22 21   4 4 4
 689 2  28 18 25 25 25   2 1 1
 689 2  17 22 19 20 15   2 1 1
 691 2  22 26 21 26 24   3 5 4
 691 2  20 22 25 14 20   3 5 4
 692 1  23 14 17  9 23   4 4 5
 692 1  26 22 20 17 26   4 4 5
 693 2  17 25 13 10 15   1 1 .
 693 2  14 19 13 12 11   1 1 .
 694 1   7 14 13 15 14   3 3 2
 694 1  14 17 19  9 14   3 3 2
 696 1  14 22 16 21 15   6 3 2
 696 1  14 20 17 10 16   6 3 2
 697 1  19 20 16 11 21   3 1 .
 697 1  19 19 16 10 18   3 1 .
 698 2  17 14 10 17 16   3 6 2
 698 2  15 18 20 18 14   3 6 2
 701 1  21 31 22 23 19   3 2 5
 701 1  24 33 27 28 24   3 2 5
 704 1  18 21 19 18 19   1 1 1
 704 1  19 25 23 24 21   1 1 1
 705 1  15 21 26 23 20   2 3 2
 705 1  23 31 26 25 22   2 3 2
 706 2  24 22 22 25 21   . . .
 706 2  27 29 22 23 23   . . .
 707 1  21 32 27 28 22   4 4 3
 707 1  25 29 30 25 22   4 4 3
 711 2  17 13 11 12 14   . . .
 711 2  20 11 17 10 14   . . .
 713 2  18 24 19 18 23   3 5 7
 713 2  22 20 23 24 27   3 5 7
 715 2  16 21 20 24 18   1 . 2
 715 2  22 25 22 25 22   1 . 2
 718 1  22  8 17 15 18   3 1 1
 718 1  22 14 16 17 17   3 1 1
 720 2  22 22 25 23 30   3 4 4
 720 2  27 28 23 26 24   3 4 4
 721 1  12 14 13 14 19   3 4 2
 721 1  15 15 15 10 21   3 4 2
 723 2  18 24 17 17 16   3 4 2
 723 2  20 25 21 21 19   3 4 2
 724 1  16 22 17  3 17   3 3 3
 724 1  19 18 17 13 17   3 3 3
 725 1  24 19 21 25 26   2 1 1
 725 1  21 24 23 27 24   2 1 1
 727 2  18 25 21 24 20   4 6 .
 727 2  20 15 16 22 18   4 6 .
 729 1  21 14 16 14 18   3 1 7
 729 1  20 17 17 15 15   3 1 7
 732 1  21 19 19 25 21   2 4 1
 732 1  25 23 19 21 20   2 4 1
 733 1  10 16 13 12 14   6 2 1
 733 1  14 10 17 16 16   6 2 1
 735 1  13 11 15 16 10   2 2 3
 735 1  13 13 14 16 14   2 2 3
 740 2  15 13 12 11  9   3 3 .
 740 2  21 17 18 18 17   3 3 .
 741 2  17 20 13 17 16   3 3 3
 741 2  21 17 19 21 18   3 3 3
 743 1  19 15 15 17 19   3 3 5
 743 1  20 17 15 17 18   3 3 5
 745 1  20 11 18 18 21   4 3 1
 745 1  19 14 22 17 21   4 3 1
 746 1  13 11 15 14 16   5 5 4
 746 1  14 16 16 14 20   5 5 4
 747 1  11 11 13 11 15   4 6 .
 747 1  16 13  9 14 17   4 6 .
 749 1  13 12 16 14 14   3 5 3
 749 1  19 17 18 20 19   3 5 3
 751 1  21 22 25 23 29   . . .
 751 1  21 29 25 24 30   . . .
 752 2  21 21 24 27 29   5 4 4
 752 2  22 31 25 26 23   5 4 4
 754 1  20 16 16 13 16   3 3 2
 754 1  20 13 19 18 14   3 3 2
 755 1  26 26 27 29 32   5 6 4
 755 1  26 32 29 29 32   5 6 4
 758 1  17 25 25 29 21   3 3 4
 758 1  22 20 26 29 22   3 3 4
 759 2  17 26 20 22 21   3 3 4
 759 2  15 12 17 14 15   3 3 4
 764 2  13 11 18  9 16   2 1 1
 764 2  11 17 15 14 16   2 1 1
 766 2  18 29 17 29 17   3 4 3
 766 2  18 29 26 22 23   3 4 3
 768 1  26 34 27 30 30   3 6 4
 768 1  28 33 27 28 32   3 6 4
 771 1  18 16 23 20 24   2 1 2
 771 1  13 17 18  9 20   2 1 2
 773 1  23 20 20 24 20   4 3 2
 773 1  17 16 23 14 21   4 3 2
 774 2  11 19 14 16 16   4 3 7
 774 2  17 18 18 21 14   4 3 7
 775 2  21 12 26 26 26   4 4 1
 775 2  24 14 26 25 26   4 4 1
 776 2  22 21 23 21 18   5 4 4
 776 2  25 25 24 21 19   5 4 4
 779 1  23 19 24 20 23   4 5 2
 779 1  21 27 22 22 23   4 5 2
 780 2  19 21 18 25 21   4 1 2
 780 2  25 28 23 24 22   4 1 2
 783 2  23 31 24 29 22   3 4 2
 783 2  28 32 28 27 29   3 4 2
 785 1  21 24 24 25 22   3 4 3
 785 1  24 28 26 27 25   3 4 3
 786 1  19 20 17 23 19   4 3 3
 786 1  22 18 23 24 18   4 3 3
 787 1  16 17 10 18 13   3 2 2
 787 1  20 17 18 21 16   3 2 2
 789 2  17 17 25 24 23   3 3 2
 789 2  12 16 18 23 22   3 3 2
 791 2  14 23 15 17 17   1 3 2
 791 2  20 24 19 11 19   1 3 2
 792 2  10 10  8 12 16   2 2 1
 792 2  14 11  9  7 15   2 2 1
 797 1  18 16 13  7 16   1 2 1
 797 1  17 21 13 12 16   1 2 1
 800 1  24 23 19 14 23   4 5 4
 800 1  21 23 20 22 22   4 5 4
 801 1  26 17 20 12 23   3 5 3
 801 1  24 25 15 17 20   3 5 3
 805 1  26 19 19 20 22   3 2 2
 805 1  26 21 21 25 22   3 2 2
 806 2  22 30 27 31 27   3 5 .
 806 2  25 32 25 29 27   3 5 .
 809 2  26 19 20 23 22   3 6 4
 809 2  29 25 26 26 28   3 6 4
 811 1  16 19 19 18 19   2 4 2
 811 1  15 22 20 23 18   2 4 2
 812 1  13 10 11 10 11   3 2 3
 812 1  22 18 15 23 22   3 2 3
 814 1  14  6 15 10 14   3 3 3
 814 1  19 12 12 16 17   3 3 3
 816 2  12 27 22 21 19   3 1 2
 816 2  12 17 18 20 18   3 1 2
 819 1  29 34 26 29 30   5 6 3
 819 1  30 35 30 28 30   5 6 3
 820 1   9 15 15 13 12   3 3 4
 820 1  12 13 16 10 16   3 3 4
 821 1  16 18 15 11 19   2 2 2
 821 1  13 17 16 19 19   2 2 2
 822 2  15 24 22 24 25   4 4 2
 822 2  14 15 22 14 20   4 4 2
 823 2  22 17 26 23 29   3 4 5
 823 2  26 24 30 28 31   3 4 5
 824 2  19 24 25 22 26   2 1 3
 824 2  23 25 23 23 24   2 1 3
 825 1  22 34 28 24 29   5 6 6
 825 1  25 32 27 31 29   5 6 6
 826 2  20 31 19 25 24   5 5 5
 826 2  22 33 27 24 30   5 5 5
 828 1  28 26 26 25 26   5 5 6
 828 1  30 32 25 26 29   5 5 6
 829 1  13 28 21 14 17   3 3 1
 829 1  14 14 18 17 17   3 3 1
 830 2  17 19 23 22 24   3 2 3
 830 2  20 20 28 17 27   3 2 3
 831 1  21 18 22 15 25   2 2 2
 831 1  19 10 20 18 23   2 2 2
 832 1  20 23 18 22 18   3 4 3
 832 1  19 24 18 23 19   3 4 3
 833 1  27 30 26 31 30   3 2 4
 833 1  25 30 28 31 31   3 2 4
 837 1  18 18 20 16 25   1 1 3
 837 1  21 17 24 17 24   1 1 3
 838 2  14 12 17 13 15   2 3 4
 838 2  17 11 18 14 17   2 3 4
 839 1  25 19 30 25 25   4 4 3
 839 1  25 22 25 26 24   4 4 3
 840 1  21 18 21 12 20   5 6 7
 840 1  19 19 15 16 20   5 6 7
 841 2  21 24 17 20 22   4 2 3
 841 2  28 31 19 22 24   4 2 3
 842 1  15 12 20 21 20   3 2 2
 842 1  11 19 21 10 19   3 2 2
 844 2  20 28 21 23 22   3 4 7
 844 2  20 26 20 26 22   3 4 7
 847 2  24 29 19 20 27   1 1 2
 847 2  20 26 21 16 22   1 1 2
 848 2  21 20 19 16 19   2 2 2
 848 2  16 13 18 14 21   2 2 2
 849 1  21 17 22 20 29   4 4 4
 849 1  23  8 24 10 28   4 4 4
 850 1  13 27 14 15 23   . . 3
 850 1  16 24 24 23 21   . . 3
 851 1  20 20 30 15 29   2 2 1
 851 1  23 25 21 14 27   2 2 1
 852 2  25 31 25 25 21   3 4 4
 852 2  18 23 15  9 17   3 4 4
 853 2  20 22 24 23 26   2 2 2
 853 2  17 30 27 26 25   2 2 2
 854 2  27 30 31 27 27   5 3 2
 854 2  27 31 30 25 31   5 3 2
 857 1  18 20 17 14 21   3 6 4
 857 1  15 24 17 15 21   3 6 4
 858 2  24 25 22 21 27   3 2 3
 858 2  26 28 28 25 24   3 2 3
 859 1  20 22 28 10 29   2 4 2
 859 1  21 25 26 22 29   2 4 2
 861 2  22 27 26 26 25   5 3 2
 861 2  23 26 26 24 27   5 3 2
 862 1  20 13 20 19 17   3 3 1
 862 1  19 24 23 21 21   3 3 1
 863 2  27 24 26 25 28   6 6 3
 863 2  29 26 24 21 28   6 6 3
 864 1  24 18 25 15 24   3 4 2
 864 1  24 24 22 25 27   3 4 2
 865 2  16 23 27 24 24   3 4 3
 865 2  19 27 26 27 24   3 4 3
 867 2  13 20 19 16 14   3 4 2
 867 2  13 12 19 16 17   3 4 2
 869 1  17 25 23 14 20   4 5 2
 869 1  16 21 18 18 19   4 5 2
 870 2  22 21 24 25 26   4 2 2
 870 2  17 18 22 16 16   4 2 2
 872 1  13 14 24 16 19   3 5 4
 872 1  12 16 20 12 18   3 5 4
 873 2  12 20 21 18 18   2 1 1
 873 2  14 20 22 19 17   2 1 1
 875 1  21 25 17 20 25   4 4 4
 875 1  19 26 25 16 26   4 4 4
 877 2  19 21 19 18 17   3 3 3
 877 2  21 18 12 13 19   3 3 3
 879 2  17 25 20 20 19   4 4 2
 879 2  22 20 24 17 22   4 4 2
 880 1  24 29 22 27 23   . . .
 880 1  25 28 19 27 21   . . .
 881 2  16 19 20 15 23   3 3 3
 881 2  18 30 23 23 24   3 3 3
 883 1  17 21 20 14 20   5 6 3
 883 1  22 22 22 13 26   5 6 3
 885 1  13 23 26 21 20   3 2 2
 885 1  20 23 24 19 20   3 2 2
 887 1  15 23 18 12 21   3 4 4
 887 1  14 15 17 16 23   3 4 4
 889 2  20 29 23 26 27   4 6 5
 889 2  20 29 22 21 23   4 6 5
 890 2  17 24 22 17 19   2 4 2
 890 2  20 24 24 25 28   2 4 2
 891 1  13 15 21 23 20   3 4 3
 891 1  17 18 21 21 19   3 4 3
 892 1  21 26 30 28 26   4 4 4
 892 1  23 28 26 27 28   4 4 4
 893 1  22 21 23 21 23   3 4 3
 893 1  24 19 18 22 20   3 4 3
 894 1  21 18 25 14 22   5 5 .
 894 1  25 18 25 16 22   5 5 .
 896 1  24 24 23 27 23   4 3 4
 896 1  24 25 23 20 22   4 3 4
 897 1  24 21 28 26 27   4 6 5
 897 1  28 33 29 26 28   4 6 5
 898 2  19 32 27 21 24   5 5 4
 898 2  15 17 21 17 28   5 5 4
 901 1  14 20 17 16 19   3 1 3
 901 1  14 18 18 21 20   3 1 3
 902 1  22 13 16 18 20   2 2 4
 902 1  15 14 17 12 18   2 2 4
 904 1  27 30 27 28 24   5 5 1
 904 1  26 27 25 30 24   5 5 1
 905 1  20 22 20 21 23   2 1 5
 905 1  22 28 24 22 27   2 1 5
 908 1  27 28 24 30 27   6 6 6
 908 1  25 30 27 29 26   6 6 6
 911 1  24 29 26 21 24   5 4 5
 911 1  23 26 24 27 23   5 4 5
 912 2  23 30 28 25 27   6 6 4
 912 2  22 25 24 23 24   6 6 4
 913 1  23 30 28 29 24   3 4 4
 913 1  19 29 27 26 22   3 4 4
 914 2  15 24 20 22 17   3 2 3
 914 2  16 22 25 25 18   3 2 3
 916 1   9 10 16  9 17   3 3 .
 916 1  13 14 16  3 17   3 3 .
 917 2  19 23 23 19 18   4 4 3
 917 2  19 24 24 25 21   4 4 3
 918 2  23 31 24 24 26   5 6 .
 918 2  26 30 21 26 22   5 6 .
 919 2  21 25 16 20 20   4 4 7
 919 2  20 23 16 17 23   4 4 7
 920 2  12 25 19 17 17   3 5 4
 920 2  16 22 22 23 21   3 5 4
 921 2  21 26 25 28 29   4 3 3
 921 2  22 34 28 29 26   4 3 3
 922 1  20 30 28 25 25   3 4 4
 922 1  20 32 27 26 24   3 4 4
 923 1  21 20 17 24 23   1 1 2
 923 1  22 21 20 24 17   1 1 2
 924 1  23 26 25 21 22   5 5 5
 924 1  17 26 17 19 23   5 5 5
 925 2  20 22 19 18 20   3 1 4
 925 2  20 20 16 17 17   3 1 4
 930 1  14 13 19 20 18   4 2 4
 930 1  10 11 18  8 16   4 2 4
 931 1  21 23 25 17 22   4 3 7
 931 1  21 24 23 19 25   4 3 7
 933 1  21 17 19 18 23   . . .
 933 1  25 20 19 17 21   . . .
 935 2  25 25 24 19 30   6 6 4
 935 2  27 32 26 26 30   6 6 4
 937 1  23 21 29 17 30   2 . 1
 937 1  25 28 28 24 32   2 . 1
 938 1  20 21 27 23 31   2 1 1
 938 1  22 23 29 26 31   2 1 1
 939 1  18 25 23 19 23   2 3 2
 939 1  16 22 25 20 22   2 3 2
 941 1  20 21 19 19 22   3 2 1
 941 1  16 12 13 19 18   3 2 1
 943 1  25 21 27 23 24   3 3 3
 943 1  24 25 30 23 25   3 3 3
 944 1  26 25 18 24 20   4 5 4
 944 1  22 22 26 24 22   4 5 4
 948 1  17 19 21 17 19   3 4 3
 948 1  21 21 20 20 18   3 4 3
 951 1  24 34 26 22 27   2 2 3
 951 1  27 34 26 18 28   2 2 3
 952 1  11 20 22 12 14   3 3 .
 952 1  14 18 16  8  9   3 3 .
 953 2  25 31 27 31 30   4 6 7
 953 2  27 35 31 32 31   4 6 7
 957 1  19 30 27 26 25   2 2 4
 957 1  20 30 29 28 28   2 2 4
 958 1  19 25 18  8 19   5 5 .
 958 1  20 26 20 14 20   5 5 .
 959 2  18 16 17 14 18   3 5 7
 959 2  20 32 25 18 24   3 5 7
 963 2  24 15 23 24 20   3 3 4
 963 2  23 31 30 25 30   3 3 4
 965 1  23 22 18 21 18   1 1 3
 965 1  20 20 21 23 19   1 1 3
 966 1  19 24 17 15 16   3 6 6
 966 1  15 26  7 13 16   3 6 6
 968 1  20 21 23 14 27   5 6 7
 968 1  22 22 25 20 29   5 6 7
 971 1  12 21 18 20 22   5 5 4
 971 1  21 19 20 19 24   5 5 4
 973 2  18 20 23 25 21   3 3 4
 973 2  15 16 13 20 16   3 3 4
 974 1  17 14 18 23 26   5 1 1
 974 1  15 17 26 23 23   5 1 1
 975 1  25 22 23 28 21   4 1 3
 975 1  23 23 22 24 22   4 1 3
 980 1  24 24 25 12 26   4 5 3
 980 1  17 17 24 13 21   4 5 3
 981 1  20 26 21 25 23   3 2 3
 981 1  20 28 25 20 24   3 2 3
 982 2  22 25 19 19 24   2 5 6
 982 2  20 14 21 17 23   2 5 6
 983 2  22 21 23 26 22   5 3 3
 983 2  21 33 24 26 22   5 3 3
 984 1  18 22 22 27 18   . . .
 984 1  14 28 19 25 15   . . .
 987 2  23 32 26 30 27   6 4 6
 987 2  20 10 23 18 27   6 4 6
 989 2  21 31 21 23 19   2 2 3
 989 2  24 25 27 24 21   2 2 3
 991 2  23 27 22 23 20   3 5 3
 991 2  18 22 23 26 24   3 5 3
 992 2  18 20 20 16 17   3 5 4
 992 2  16 18 17 17 20   3 5 4
 993 2  20 20 21 19 22   3 2 .
 993 2  18 22 20 11 21   3 2 .
 994 2  20 23 26 25 24   2 4 3
 994 2  16 21 19 16 17   2 4 3
1000 1  13 21 22 13 18   2 3 2
1000 1  13 28 23 22 20   2 3 2
1002 1  26 33 27 28 24   2 3 4
1002 1  21 27 24 27 22   2 3 4
1003 1  27 27 28 23 29   5 6 6
1003 1  27 32 31 27 28   5 6 6
1005 1  16  8 15  3 17   3 3 1
1005 1  16 21 18 15 23   3 3 1
1006 1  13 11 18 12 16   2 2 2
1006 1  18 17 22 10 19   2 2 2
1007 1  23 28 26 30 24   2 2 2
1007 1  25 29 28 29 29   2 2 2
1011 2  24 30 24 26 25   6 2 2
1011 2  20 21 15 19 19   6 2 2
1012 1  17 13 15 15 13   . . 1
1012 1  11 12 16 18 16   . . 1
1013 1  20 19 16 16  9   3 2 4
1013 1  17 20 16 18 15   3 2 4
1017 1  19 22 23 20 25   6 6 4
1017 1  16 24 24 23 24   6 6 4
1020 1  22 22 21  9 24   5 5 5
1020 1  23 25 24 22 22   5 5 5
1022 2  18 20 19 22 19   3 3 7
1022 2  24 27 18 23 22   3 3 7
1023 1  21 22 27 24 24   2 3 1
1023 1  27 21 26 27 24   2 3 1
1026 1   3 10  4  8  8   1 1 1
1026 1   8 10  3  9  5   1 1 1
1028 2  19 16 18 10 15   3 3 3
1028 2  12 11 13 13  6   3 3 3
1029 1  14 21 16 20 15   4 6 4
1029 1  14 25 20 19 16   4 6 4
1030 1  21 18 18 23 18   3 3 .
1030 1  19 23 24  6 16   3 3 .
1036 2  22 10 26 22 22   1 2 5
1036 2  18 10 24 25 16   1 2 5
1037 2  19  8 10 17 16   5 1 4
1037 2  22 16 16 12 19   5 1 4
1041 1  25 22 26 27 28   3 3 4
1041 1  24 26 26 23 24   3 3 4
1043 1  20 14 19 14 22   4 6 7
1043 1  20 18 18 15 21   4 6 7
1044 2  11 12 17 13 16   2 3 3
1044 2  20 26 19 10 15   2 3 3
1045 1  21 25 21 21 24   3 4 5
1045 1  23 27 21 23 22   3 4 5
1046 2  17 16 22 23 20   4 5 3
1046 2  23 22 26 18 23   4 5 3
1048 1  17 20 19 22 23   4 3 2
1048 1  15 24 19 23 23   4 3 2
1049 2  20 21 19 24 20   . . .
1049 2  12 30 26 28 25   . . .
1050 1  22 20 15  9 12   3 3 1
1050 1  21 13 14 16 15   3 3 1
1051 1  22 27 25 29 32   3 3 3
1051 1  22 18 28 25 31   3 3 3
1054 1   7 12 18 18 19   5 3 3
1054 1  20 20 23 11 18   5 3 3
1056 1  25 33 27 18 29   4 6 7
1056 1  25 27 23 14 28   4 6 7
1057 2  20 23 26 30 28   4 4 4
1057 2  19 20 23 26 20   4 4 4
1059 1   9 11  8 12 18   2 3 2
1059 1  13 10 11 15 16   2 3 2
1062 2  25 33 27 28 26   3 4 4
1062 2  22 21 22 23 21   3 4 4
1065 2  26 32 29 29 28   5 6 5
1065 2  23 35 26 33 28   5 6 5
1070 1  21 29 21 25 22   2 2 3
1070 1  22 30 25 26 25   2 2 3
1071 2  11 24 20 25 20   4 6 5
1071 2  14 26 22 26 21   4 6 5
1072 1  25 28 31 30 27   5 6 4
1072 1  24 30 29 29 31   5 6 4
1074 2  19 21 19 23 24   3 4 4
1074 2  18 26 18 20 20   3 4 4
1078 2  20 23 15 13 18   4 3 5
1078 2  19 13 14 13 19   4 3 5
1079 1  19 17 17 16 17   4 3 4
1079 1  22 16 18 22 18   4 3 4
1080 1  21 17 17 20 22   2 . .
1080 1  21 21 22 23 22   2 . .
1083 1  15 21 18 16 20   4 3 2
1083 1  17 13 16 15 25   4 3 2
1085 1  17 13 13 15 18   2 4 2
1085 1  18 19 17 22 18   2 4 2
1089 1  18 24 23 16 22   3 2 2
1089 1  20 20 23 26 24   3 2 2
1091 1  16 27 22 17 21   3 3 3
1091 1  20 25 21 24 23   3 3 3
1092 1  25 22 24 25 19   3 6 4
1092 1  27 24 21 28 21   3 6 4
1096 1  17 29 23 24 25   3 4 4
1096 1  20 23 21 25 22   3 4 4
1097 2  25 30 17 23 22   4 3 2
1097 2  20 29 28 24 26   4 3 2
1099 2  21 17 24 23 20   3 1 2
1099 2  24 23 21 25 25   3 1 2
1100 1  21 13 12 10 20   5 4 5
1100 1  19 16 17 16 20   5 4 5
1103 1  21 29 19 23 20   3 2 2
1103 1  24 21 22 24 21   3 2 2
1104 2  23 28 20 28 23   5 4 4
1104 2  26 30 24 30 26   5 4 4
1107 2  24 24 21 25 21   3 4 2
1107 2  20 20 15 23 17   3 4 2
1108 2  12 14 13 11 18   3 2 3
1108 2  21 16 20 10 19   3 2 3
1109 1  17 13 20 18 16   2 1 1
1109 1  18 11 22 16 18   2 1 1
1110 2  20 18 21 20 21   3 3 4
1110 2  20 20 26 25 26   3 3 4
1111 1  19 23 19 26 19   3 4 2
1111 1  20 28 18 23 22   3 4 2
1112 1  23 20 16 20 19   3 4 2
1112 1  23 13 18 19 16   3 4 2
1113 2  11 13 16 21 21   3 3 4
1113 2  12 16 18 23 18   3 3 4
1114 2  18 10 15 15 22   3 5 2
1114 2  11 20 14 13 22   3 5 2
1117 1  22 26 17 18 18   4 6 7
1117 1  21 25 20 18 17   4 6 7
1118 1  20 30 20 20 22   2 4 4
1118 1  15 21 17 21 14   2 4 4
1119 1  18 14 17 16 18   2 3 5
1119 1  17 14 23 17 21   2 3 5
1120 1  18 22 23 25 24   3 4 4
1120 1  20 22 23 25 25   3 4 4
1122 2  23 25 19 17 21   4 4 4
1122 2  24 30 26 24 25   4 4 4
1123 2  22 23 21 23 20   4 5 4
1123 2  22 26 16 27 21   4 5 4
1124 1  21 21 19 21 20   4 3 2
1124 1  17 12 11 17 16   4 3 2
1125 1  18  6 15 13 15   3 3 3
1125 1  18 10 18 16 18   3 3 3
1127 2  11  8 15 13 14   4 4 2
1127 2  16  3 12 18 19   4 4 2
1128 2  22 22 20 17 24   6 6 4
1128 2  23 28 23 23 27   6 6 4
1130 2  22 22 24 25 18   4 6 5
1130 2  28 33 31 31 27   4 6 5
1131 1  21 27 28 21 27   4 5 3
1131 1  24 33 27 29 24   4 5 3
1133 1  18 18 19 16 20   4 3 2
1133 1  19 13 15 12 17   4 3 2
1135 1  17 17 16  9 16   4 5 2
1135 1  19 13 17 13 16   4 5 2
1136 1  15 11 15  8 14   3 3 7
1136 1  17 13  8 17 16   3 3 7
1137 2   9 20 17 18 14   2 4 1
1137 2  13 18 16 20 12   2 4 1
1138 2  24 21 19 22 18   4 6 4
1138 2  17 14 18 17 15   4 6 4
1140 1  17 23 19 22 18   5 6 5
1140 1  20 20 18 23 19   5 6 5
1142 1  25 18 26 23 21   4 6 4
1142 1  24 24 25 24 22   4 6 4
1143 2  21 19 24 25 17   4 6 3
1143 2  27 29 28 30 24   4 6 3
1144 2  28 25 29 26 28   5 3 2
1144 2  19 21 22 23 22   5 3 2
1145 2  17 11 24 19 20   5 5 3
1145 2  18 13 15 17 15   5 5 3
1146 1  23 15 17 21 23   4 3 3
1146 1  21 22 18 20 21   4 3 3
1147 1  28 28 28 28 32   6 6 4
1147 1  29 29 27 29 30   6 6 4
1148 2  19 21  9 17 15   4 4 3
1148 2  18 18 12 20 15   4 4 3
1152 1  16 23 21 20 19   3 3 2
1152 1  17 19 19 23 20   3 3 2
1154 2  12 13 14 12 17   6 3 3
1154 2  17 18 14 12 13   6 3 3
1158 2  26 30 24 22 23   5 5 5
1158 2  20 24 12 17 18   5 5 5
1159 1  10  8 14 10 13   5 4 3
1159 1  15  8 13 11 15   5 4 3
1160 1  20 20 17 15 18   2 1 3
1160 1  17 22 14 17 17   2 1 3
1163 1  16 19 21 23 15   5 3 4
1163 1  20 20 20 24 15   5 3 4
1164 2   9 20 15  6 17   3 3 4
1164 2  15 17 16 12 17   3 3 4
1165 1  15 30 24 27 22   3 4 3
1165 1  16 24 23 25 17   3 4 3
1166 1  21 33 27 28 22   3 4 3
1166 1  20 31 28 29 22   3 4 3
1167 2  24 30 30 25 24   5 4 3
1167 2  23 22 26 28 23   5 4 3
1168 1  19 22 17 18 18   3 2 1
1168 1  14 14 15 18 15   3 2 1
1169 1  18 25 23 24 22   5 3 2
1169 1  20 27 22 27 26   5 3 2
1172 2  17 24 21 23 18   2 2 4
1172 2  14 22 18 17 20   2 2 4
1173 2  21 18 20 23 23   3 3 2
1173 2  19 17 17 16 18   3 3 2
1174 1  19 20 24 19 20   3 2 4
1174 1  20 21 20 23 20   3 2 4
1175 2  15 17 20 17 18   5 6 2
1175 2  17 20 18 11 15   5 6 2
1176 1  20 19 17 22 21   3 3 2
1176 1  19 14 14 13 18   3 3 2
1179 1  15 22 12 21 20   . . .
1179 1  19 20 19 17 16   . . .
1181 1  16 17 17 20 12   2 2 1
1181 1  10 20 19 19 15   2 2 1
1182 2  27 33 27 29 30   3 4 2
1182 2  21 23 28 19 27   3 4 2
1183 2  20 19 23 21 24   . 4 .
1183 2  22 29 22 24 20   . 4 .
1184 1  15 18 18 24 18   1 1 1
1184 1  18 16 19 17 16   1 1 1
1185 2  22 14 19 11 18   1 3 1
1185 2  20 17 17 15 21   1 3 1
1186 1  22 30 18 15 22   5 6 7
1186 1  24 22 17 23 22   5 6 7
1189 2  18 19 15 16 17   3 2 1
1189 2  11 12 17 16 18   3 2 1
1190 1  14 10  5 14  8   5 5 .
1190 1   9 17 15 12  6   5 5 .
1191 1  17 31 26 25 25   3 3 4
1191 1  12 20 23 23 24   3 3 4
1192 1  21 22 16 21 19   3 3 1
1192 1  19 26 20 24 18   3 3 1
1193 2  11 12  6 12 15   4 4 .
1193 2  16 14 13  7 16   4 4 .
1194 1  17 20 15 18 18   4 4 4
1194 1  16 17 19 19 16   4 4 4
1201 1  18 20 18 20 17   1 1 2
1201 1  20 20 19 17 20   1 1 2
1206 1  23 23 24 23 22   2 3 1
1206 1  26 29 23 25 23   2 3 1
1209 1  14 19 15 22 16   3 4 4
1209 1  16 18 16 21 17   3 4 4
1211 1  22 29 24 25 23   2 1 3
1211 1  24 26 22 29 27   2 1 3
1213 1  17 11 14 12 20   3 5 2
1213 1  14 10 10 16 19   3 5 2
1215 1  17 16 17 16 14   3 5 2
1215 1  17 18 17 10 15   3 5 2
1216 1  24 24 22 23 22   3 5 5
1216 1  17 20 21 23 18   3 5 5
1218 1  16 25 20 20 18   4 4 7
1218 1  14 18 15 22 19   4 4 7
1221 1  13 20 16 20 19   3 4 3
1221 1  16 27 22 23 19   3 4 3
1226 1  26 22 24 20 27   1 1 1
1226 1  25 20 24 26 26   1 1 1
1227 1  28 25 27 30 29   4 3 2
1227 1  19 24 23 28 25   4 3 2
1229 2  28 29 28 23 25   5 5 4
1229 2  20 17 20 23 21   5 5 4
1230 1  23 20 21 19 28   4 6 6
1230 1  26 24 25 22 28   4 6 6
1232 1  23 18 18 25 19   3 2 2
1232 1  23 18 21 19 22   3 2 2
1234 1  20 17 23 21 24   3 4 2
1234 1  23 23 22 16 22   3 4 2
1237 1  21 12 19 12 17   3 3 2
1237 1  16 19 15 21 17   3 3 2
1240 1  13 17 17 12 16   3 1 1
1240 1  14 26 16 20 16   3 1 1
1241 1  17 19 15 11 18   3 2 3
1241 1  16 20 16 11 18   3 2 3
1242 1  14 27 18 24 19   5 6 4
1242 1  13 23 15 12 19   5 6 4
1245 2  25 28 25 24 23   4 5 5
1245 2  22 19 24 16 25   4 5 5
1247 1  19 21 22 13 24   3 5 7
1247 1  17 28 28 19 27   3 5 7
1248 2  14  6 16 12 15   5 2 .
1248 2  18 14 17 15 20   5 2 .
1250 2  19 16 22 25 22   4 3 2
1250 2  23 16 17 14 20   4 3 2
1252 1  18 26 22 25 22   5 6 4
1252 1  21 24 23 27 22   5 6 4
1253 1  19 23 24 24 24   4 5 4
1253 1  17 19 21 17 21   4 5 4
1254 1  15 18 19 18 12   3 3 2
1254 1  16 22 21 18 13   3 3 2
1256 1   6 14  7 12 13   3 3 1
1256 1  14 18 17 13 17   3 3 1
1258 2  26 17 17 25 18   4 3 7
1258 2  20 22 15 14 18   4 3 7
1260 1  19 17 16 16 16   3 2 1
1260 1  16 18 17 17 18   3 2 1
1261 2  25 20 22 23 23   5 1 3
1261 2  21 20 16 17 21   5 1 3
1262 1  23 19 13 17 18   2 1 2
1262 1  22 17 15 20 18   2 1 2
1263 1  17 18 20 25 22   2 3 .
1263 1  14 19 19 24 21   2 3 .
1266 1  23 13 22 26 23   1 1 2
1266 1  24 23 19 23 22   1 1 2
1267 1  19 27 19 26 20   4 2 2
1267 1  17 26 23 25 21   4 2 2
1268 2  26 30 22 23 21   4 6 7
1268 2  25 31 26 27 23   4 6 7
1272 1  21 18 20 21 18   3 4 2
1272 1  19 20 16 19 14   3 4 2
1274 1  16 28 21 25 15   3 4 3
1274 1  19 31 26 27 21   3 4 3
1275 2  22 24 24 21 22   1 4 2
1275 2  24 32 27 31 24   1 4 2
1276 1  30 30 22 23 23   3 3 1
1276 1  28 27 17 17 23   3 3 1
1278 1   8 17 17 18 15   4 1 4
1278 1  18 16 15 21 15   4 1 4
1279 1  20 14 16 18 14   3 4 1
1279 1  19 16 20 23 22   3 4 1
1280 1  21 31 26 28 23   3 2 5
1280 1  23 30 29 25 23   3 2 5
1281 2  29 25 29 29 30   5 6 7
1281 2  28 28 29 29 30   5 6 7
1287 2  19 19 23 20 18   5 5 6
1287 2  22 22 24 16 27   5 5 6
1288 1  11  7 15  7 15   3 3 2
1288 1  16 12 18  8 18   3 3 2
1290 1  17 18 16 12 15   3 2 2
1290 1  16 19 14 15 16   3 2 2
1293 1  11 25 12 16 14   4 3 2
1293 1  15 22 12 20 14   4 3 2
1296 1  22 20 11 21 18   3 4 3
1296 1  25 25 20 21 21   3 4 3
1300 2  24 24 19 23 22   4 5 5
1300 2  21 22 20 17 22   4 5 5
1301 1  15 17 18 16 21   1 1 2
1301 1  17 21 20 18 21   1 1 2
1302 1  22 25 20 22 24   . . .
1302 1  21 22 19 23 23   . . .
1304 2  15 18 15 18 15   3 4 2
1304 2  13 16 11 13 12   3 4 2
1305 1  24 26 21 24 22   4 6 5
1305 1  24 24 21 20 21   4 6 5
1306 2  17 16 15 22 15   4 1 1
1306 2  13 19 16 25 19   4 1 1
1307 1  17 13 20 10 17   3 3 2
1307 1  26 20 17 20 17   3 3 2
1308 2  17 22 17 26 20   5 6 4
1308 2  18 21 21 17 20   5 6 4
1310 1  16  7 15 21 17   3 2 2
1310 1  17 20 18 18 16   3 2 2
1316 1  15 14 14  7 17   6 5 2
1316 1  13 14 11 16 18   6 5 2
1323 1  26 23 25 24 27   3 3 4
1323 1  24 27 24 27 24   3 3 4
1325 1  17 25 18 25 18   5 6 2
1325 1  23 25 19 23 21   5 6 2
1326 1  24 18 21 24 19   2 4 .
1326 1  21 22 20 26 18   2 4 .
1327 2  22 22 15 23 19   5 5 4
1327 2  21 20 22 23 21   5 5 4
1328 1  18 19 22 21 13   2 1 .
1328 1  23 21 16 20 17   2 1 .
1329 1  23 25 18 20 18   3 3 2
1329 1  18 26 21 25 20   3 3 2
1330 1  21 22 25 26 25   4 6 4
1330 1  22 27 26 26 25   4 6 4
1331 1  19 27 27 26 23   5 6 7
1331 1  21 28 29 29 24   5 6 7
1332 2   9 18 17 10 17   6 6 6
1332 2  21 32 26 28 24   6 6 6
1333 1  21 28 19 23 28   3 3 4
1333 1  23 31 24 26 27   3 3 4
1334 2  21 18 15 18 14   3 3 2
1334 2  18 20 18 16 18   3 3 2
1336 1  17 14 18 16 18   2 2 2
1336 1  18 14 20 15 18   2 2 2
1337 1  17 18 17 14 16   4 5 3
1337 1  15 20 17 24 15   4 5 3
1338 1  18 24 14 16 21   3 4 3
1338 1  20 25 17 15 20   3 4 3
1339 2  22 22 14 12 18   2 2 2
1339 2  22 20 19 10 18   2 2 2
1341 2  19 25 22 23 20   5 5 5
1341 2  22 25 30 25 24   5 5 5
1345 2  19 14 17 16 17   5 3 2
1345 2  15 20 14 19 16   5 3 2
1346 1  12 12 17 10 14   1 3 .
1346 1   9 11 10 11  5   1 3 .
1350 1  14 26 17 20 15   5 5 .
1350 1  17 25 14 25 18   5 5 .
1351 1  20 19 14 13 20   5 5 4
1351 1  21 21 22 13 22   5 5 4
1352 2  30 28 28 28 30   5 6 4
1352 2  29 29 27 29 30   5 6 4
1353 1  24 32 27 30 32   5 6 5
1353 1  26 30 30 30 32   5 6 5
1354 2   7 13  9 17 14   2 2 4
1354 2  13 20 17 19 15   2 2 4
1357 1   8 13 14 14  4   3 3 3
1357 1  12 18 13 16 12   3 3 3
1358 1  16 26 20 22 19   5 5 .
1358 1  18 20 23 20 23   5 5 .
1359 2  24 28 28 22 22   4 6 4
1359 2  19 31 31 27 26   4 6 4
1360 2  15 13 13  9 17   3 3 7
1360 2  17 17 18 16 20   3 3 7
1361 2  20 26 23 26 28   5 4 4
1361 2  27 32 32 29 30   5 4 4
1365 1  22 24 28 23 30   3 4 5
1365 1  24 27 26 23 29   3 4 5
1366 1  14 23 15 11 12   4 3 2
1366 1  13 22 18 12 14   4 3 2
1367 1  22 24 16 11 16   3 3 2
1367 1  18 24 20 26 18   3 3 2
1369 2  18 11 18 11 17   3 4 2
1369 2  20 23 24 16 22   3 4 2
1370 2  25 24 24 23 27   3 3 2
1370 2  26 25 29 26 28   3 3 2
1371 1  20 13 18 16 18   2 4 2
1371 1  23 15 23 15 19   2 4 2
1372 1  20 21 15 22 21   5 6 5
1372 1  20 20 18 24 18   5 6 5
1374 1  23 27 25 28 26   6 5 5
1374 1  21 32 28 28 23   6 5 5
1375 1  18 20 20 15 21   3 4 2
1375 1  20 20 21 15 21   3 4 2
1378 1  21 20 21 16 17   3 5 4
1378 1  19 17 20 23 18   3 5 4
1379 1  24 24 29 23 27   3 4 4
1379 1  29 30 28 28 29   3 4 4
1382 1  24 23 16 16 19   3 3 .
1382 1  22 22 17 20 16   3 3 .
1383 2  20 28 26 28 24   6 6 7
1383 2  21 21 14 15 14   6 6 7
1384 1  19 13 14 12 12   2 2 2
1384 1  19 14 17 12 13   2 2 2
1386 1  15 11 16 20 19   2 3 2
1386 1  20 21 20 11 20   2 3 2
1387 2  20 22 20 17 25   3 5 3
1387 2  21 26 19 16 23   3 5 3
1388 2  27 20 18 24 21   4 4 2
1388 2  21 14 18 19 20   4 4 2
1390 1  19 11 18 14 17   2 2 2
1390 1  21 15 18 23 17   2 2 2
1391 2  13 19 20 23 23   2 4 .
1391 2  16 17 21 25 18   2 4 .
1392 2  17 22 15 12 18   3 2 5
1392 2  19 17 20 16 16   3 2 5
1393 2  23 26 23 26 27   2 1 2
1393 2  25 12 22 25 26   2 1 2
1394 1  29 31 28 27 30   . . 2
1394 1  29 33 30 28 31   . . 2
1395 1  13 32 21 25 18   3 3 2
1395 1  10 31 24 26 20   3 3 2
1396 1  20 13 16 17 16   2 3 3
1396 1  19 19 16 20 17   2 3 3
1397 2  27 25 23 24 22   3 3 2
1397 2  21 23 20 19 21   3 3 2
1398 1  11 12 14 16 14   2 2 3
1398 1  12 10 15 16 15   2 2 3
1399 2  16 14 23 19 20   4 6 3
1399 2  20 16 23 25 27   4 6 3
1402 1  23 17 20 24 19   5 3 3
1402 1  22 17 24 21 22   5 3 3
1404 2  20 14 21 21 20   5 5 .
1404 2  22 18 22 18 23   5 5 .
1405 1   9 21 16 11 18   3 4 3
1405 1  15 20 17 12 17   3 4 3
1408 1  13 11 17 13 19   3 4 2
1408 1  17 11 18 10 19   3 4 2
1411 2  17 20 19 16 24   4 6 5
1411 2  16 24 19 23 24   4 6 5
1414 1  17 17 16 22 24   3 3 2
1414 1  22 17 21 14 27   3 3 2
1417 1  20 24 28 27 29   4 6 6
1417 1  20 32 30 30 30   4 6 6
1418 1  24 25 22 25 22   4 4 4
1418 1  19 28 23 26 22   4 4 4
1421 1  19 21 19 15 21   3 3 2
1421 1  19 18 17 15 22   3 3 2
1424 2  27 19 31 28 29   5 4 4
1424 2  25 20 27 27 28   5 4 4
1426 1  18 14 18 18 18   2 1 2
1426 1  17 13 18 19 16   2 1 2
1429 2  16 19 19 20 23   6 5 4
1429 2  12 17 18 16 23   6 5 4
1430 1  23 14 22 25 18   1 3 2
1430 1  26 12 23 20 18   1 3 2
1431 1  12 21 16 18 16   1 2 2
1431 1  19 20 19 18 20   1 2 2
1432 1  15 14 10 12 12   3 3 2
1432 1  17 19 17 21 14   3 3 2
1433 2  22 14 19 20 14   1 3 1
1433 2  27 22 24 28 25   1 3 1
1434 1  18 20 17 20 15   2 1 1
1434 1  17 16 18 12 15   2 1 1
1437 2  24 30 27 29 28   3 4 4
1437 2  20 20 21 24 23   3 4 4
1438 1  12 18 16 23 19   1 . 1
1438 1  15 17 16 18 16   1 . 1
1439 1  19 23 24 23 21   4 6 7
1439 1  22 29 27 23 25   4 6 7
1440 2  17 11 17 13 13   1 1 1
1440 2  17 10 19 10 14   1 1 1
1442 1  24 30 21 23 22   3 5 4
1442 1  20 22 20 23 20   3 5 4
1445 1   5 12  4  3 11   4 5 4
1445 1   6 13  3  6 15   4 5 4
1446 1  21 19 20 25 18   5 4 4
1446 1  16 11 16 12 14   5 4 4
1447 1  14 18 15 17 19   3 2 2
1447 1  18 14 16 14 14   3 2 2
1453 1  27 25 27 24 28   4 3 4
1453 1  26 22 25 27 28   4 3 4
1455 1  20 21 22 17 19   4 5 4
1455 1  24 23 20 11 18   4 5 4
1456 1  29 34 25 28 30   4 5 5
1456 1  24 35 23 30 28   4 5 5
1457 2  23 27 28 26 27   3 3 4
1457 2  20 21 25 24 22   3 3 4
1459 1  11 13 15 13 16   3 3 2
1459 1  19 14 19 16 17   3 3 2
1460 1  15 25 23 26 22   3 3 4
1460 1  18 22 27 21 20   3 3 4
1461 1  22 25 25 23 23   1 1 1
1461 1  21 27 25 22 23   1 1 1
1465 1  24 30 23 21 23   5 5 3
1465 1  22 28 20 20 20   5 5 3
1466 1  27 26 25 26 28   3 4 3
1466 1  24 26 25 25 24   3 4 3
1468 2  16 20  9 12 16   3 4 2
1468 2  22 20 21 22 21   3 4 2
1470 1  13 10 13 12 16   1 1 1
1470 1  13 12  8  7 15   1 1 1
1473 1  22 29 23 23 21   3 5 3
1473 1  26 30 25 25 24   3 5 3
1474 1  21 14 22 20 26   3 . 1
1474 1  20 14 25 12 29   3 . 1
1477 2  24 24 27 28 18   4 2 2
1477 2  22 22 24 24 20   4 2 2
1478 1  15 17 18 19 23   2 4 3
1478 1  17 18 12 14 23   2 4 3
1481 2  16 13 17 13 18   2 3 1
1481 2  20 16 17 15 23   2 3 1
1484 1  22 23 20 22 23   5 3 5
1484 1  26 24 23 23 26   5 3 5
1485 1  21 30 28 25 27   4 4 1
1485 1  21 29 24 25 23   4 4 1
1486 2  24 14 20 18 20   3 4 2
1486 2  26 19 20 18 21   3 4 2
1491 1  22 30 25 27 23   3 3 3
1491 1  24 25 26 29 23   3 3 3
1493 2  15 25 16 14 23   5 6 3
1493 2   9  8 13  8 14   5 6 3
1494 1  27 29 28 32 27   3 1 1
1494 1  26 28 29 31 32   3 1 1
1495 2  24 20 22 18 21   4 3 2
1495 2  24 28 18 24 20   4 3 2
1496 2  22 19 22 18 20   3 4 5
1496 2  20 21 15 21 20   3 4 5
1497 2  23 33 25 23 24   3 5 4
1497 2  14 23 23 24 22   3 5 4
1499 2   9 13 12  6 13   3 6 3
1499 2  12 14 13 11 15   3 6 3
1500 2  23 29 24 19 23   1 4 2
1500 2  17 24 20 21 22   1 4 2
1501 2  15 21 22 19 21   1 1 1
1501 2  20 22 25 25 24   1 1 1
1503 1  16 22 26 23 25   3 4 4
1503 1  18 23 24 21 27   3 4 4
1504 1  18 12 20 15 19   4 4 3
1504 1  17  7 18 11 21   4 4 3
1505 2  23 14 24 20 25   3 4 2
1505 2  20 25 18 25 21   3 4 2
1507 2  25 29 30 32 29   5 5 .
1507 2  21 22 24 27 25   5 5 .
