     1 1 17 3 1  101   .  45  45  49  41  47  47
     1 1 17 3 1   92  50  42  44  60  56  50  47
     2 2 18 1 1   91  53  41  40  46  56  50  52
     2 2 18 1 1   97  53  51  52  54  48  49  55
     3 2 16 1 1   87  43  44  39  37  37  40  37
     3 2 16 1 1   85  33  27  28  44  32  34  52
     4 2 16 2 2  122  39  49  45  59   .  68  38
     4 2 16 2 2  113  56  54  49  60  60  66  47
     5 1 17 4 2  105  43  39  49  61  46  44  42
     5 1 17 4 2  111  41  46  44  55  55  56  73
     6 2 15 1 1  107  46  47  45  59  57  57  71
     6 2 15 1 1   89  41  53  53  50  53  58  44
     7 2 16 2 2   85  51  59  57  46  39  39  40
     7 2 16 2 2  105  38  40  42  44  48  45  40
     8 2 15 2 2   87  42  46  38  36  46  44  42
     8 2 15 2 2  107  49  49  46  60  60  61  44
     9 2 17 2 2   85  38  42  41  41  45  42  51
     9 2 17 2 2  100  37  55  51  40  45  51  50
    10 2 14 1 1    .  53  52  55  52  49  44  42
    10 2 14 1 1   99  56  47  51  46  32  35  55
    11 1 15 4 2   93  38  32  43   .  30  37  32
    11 1 15 4 2   93  32  46  51  46  35  26  43
    12 2 16 5 2  112  59  64  69  55  61  58  49
    12 1 16 6 2   74  48  55  49  25  35  24  49
    13 2 13 2 2  101  49  39  48  36  33  40  46
    13 2 13 2 2  107  56  52  51  55  50  62  43
    14 2 18 2 2   95  47  55  48  40  37  41  44
    14 2 18 2 2   97  42  42  52  45   .  37  38
    15 2 15 1 1   98  56  37  40  49  56  52  35
    15 2 15 1 1  106  60  47  50  50  53  51   .
    16 1 18 3 1   92  35  30   .  45  47  49  48
    16 1 18 3 1   96  50  42  59  64  34  42  58
    17 2 18 1 1   93  42  54  49  42  49  47  34
    17 2 18 1 1  115  54  43  55  59  64  56  39
    18 2 16 2 2  105  68  59  47  62  56  63  74
    18 2 16 2 2   78  36  42  41  57  49  44  46
    19 1 17 4 2   89  57  55  42  57  41  42  49
    19 1 17 4 2   82  49  42  46  39   .  30  44
    20 2 16 5 2  106  51  56  54  47  68  65  64
    20 1 16 6 2   95  59  50  60  56  55  51  68
    21 2 18 1 1   90  33  38  32  31  31  42  53
    21 2 18 1 1   99  44  42  49  48  49  55  36
    22 1 13 3 1   88  44  56  51  48  50  50  72
    22 1 13 3 1   96  51  58  53  43  45  51  58
    23 2 17 5 2  120  63  64  57  40  42  40  70
    23 1 17 6 2  120  51  58  57  60  46  50  46
    24 2 16 5 2  110  61  47  60  58  53  60  51
    24 1 16 6 2   94  62  49   .  52  45  49  54
    25 2 15 5 2   74  41  38  48  37  47  46  48
    25 1 15 6 2   83  35  37  26  51  50  49  42
    26 1 14 3 1   95   .  49  42  30  39  37  54
    26 1 14 3 1   88  52  37  41  30  33  25  60
    27 2 14 2 2   79  45  38  42  54  63  53  37
    27 2 14 2 2   89  37  37  34  57  51  51  39
    28 1 17 3 1  110  58  64  59  60  49  59  33
    28 1 17 3 1  108  69  64  66  45  47  56  60
    29 2 17 5 2   93  49  42  49  47  49  57  50
    29 1 17 6 2   97  57  40  46  40  47  54  56
    30 2 13 5 2  111  47  43  41  50  54  51  43
    30 1 13 6 2  119  56  48  48  60  64  63  70
    31 2 15 5 2  112  46  50  56  48  65  60  59
    31 1 15 6 2  126  67  69  71  51  55  51  63
    32 2 15 2 2   83  42  39  37  40  32  32  36
    32 2 15 2 2   70   .  44  48  36   .  34  49
    33 2 17 1 1   91  57  47  52  47  47  28  46
    33 2 17 1 1   92  58  32  44  46  56  40  44
    34 2 18 1 1   99  54  50  51  52  56  59  25
    34 2 18 1 1  100  48  51  43  53  63  64  35
    35 2 14 5 2  112  57  53  71  55  60  64  60
    35 1 14 6 2  108  52  77  62  76  80  70  53
    36 2 14 5 2  108  56  56  60  49  62  56  61
    36 1 14 6 2   97  62  56  49  58  73  56  64
    37 2 14 1 1   82  46  41  36  39  33  30  51
    37 2 14 1 1   84  56  39  46  43  32  43  51
    38 2 15 2 2   91  55  62  53  59  48  67  45
    38 2 15 2 2   97  57  53  54  49  48  44  37
    39 1 13 3 1  100   .  39  38  46  51  42  58
    39 1 13 3 1  101  42  44  44  38  38  31  63
    40 1 14 3 1  110  75  58  60  58  50  48  56
    40 1 14 3 1  116  71  54  64  55  60  58  56
    41 1 14 4 2   87  58  45  46  35  26  41  63
    41 1 14 4 2   98  45  43  49  53  40  46  47
    42 2 17 2 2   89  62  60  56  64  49  48  52
    42 2 17 2 2  108  61  63  47  51  54  54  48
    43 2 15 1 1  134  74  68  63  55  73  77  54
    43 2 15 1 1  136  70  74  60  65  56  68  51
    44 2 16 1 1  119  63  48   .  61  56  49  64
    44 2 16 1 1  134  70  77  80  59  59  53  69
    45 2 17 5 2  101   .  44  37  57  51  64  37
    45 1 17 6 2  103  52  52  55  62  58  59  60
    46 1 16 3 1  101  54  40  35   .  62  53  44
    46 1 16 3 1  104  48  49  35  59  57  58  36
    47 1 16 4 2  111  60  48  52  49  60  44  57
    47 1 16 4 2  114  43  63   .  52  60  65  51
    48 2 16 1 1    .  46  52  50  54  58  65  42
    48 2 16 1 1  108  36  51  54  63  49  46  49
    49 1 15 4 2   65  32  27  31  30  31  35  42
    49 1 15 4 2   78  33  32  34  43  39  47  30
    50 2 16 2 2  123  62  60  54  56   .  57  58
    50 2 16 2 2  126  62  58  59  50  57  58  82
    51 1 15 3 1  107  55  58  50  62  78  69  54
    51 1 15 3 1  124  46  49  60  66  74  73  59
    52 2 15 2 2  101  50  60  58  54  53  61  37
    52 2 15 2 2  108  53  56  66  51  60  53  46
    53 2 15 5 2  110  51  36  43  27  32  54  54
    53 1 15 6 2  125  59  55  57  60  56  64  47
    54 2 17 5 2   93  43  54  57  49  25  30  63
    54 1 17 6 2   71   .  56  44  49  45  45  50
    55 2 15 2 2   83  34  31  35  52  40  38  41
    55 2 15 2 2   78  49  38  46  49  31  41  30
    56 1 18 4 2  105  50  49  36  64  60  55  35
    56 1 18 4 2   82  46  44  34  52  53  52  43
    57 2 14 2 2  104   .  50  52  48  33  45  44
    57 2 14 2 2  106  60  49  48  50  48  56  60
    58 1 14 3 1  103  42  50  48  47  57  45  60
    58 1 14 3 1  112  34  56  52  66  67  55   .
    59 2 16 1 1   96  56  54  61  53   .  45  50
    59 2 16 1 1   99  50  49  53  49  47  41  45
    60 1 15 4 2   82  44  46  51  46  45  44  54
    60 1 15 4 2  107  50  52  49  53  56  55  44
    61 2 14 5 2   86  35  42   .  47  51  47  40
    61 1 14 6 2   83  43  41  44  45  51  39  45
    62 2 16 1 1  105  58  62  61  45  58   .  52
    62 2 16 1 1   97  62  45  63  55  60  51  59
    63 2 14 1 1  103  45  55  47  62  48  56  38
    63 2 14 1 1   97  56  47  45  52  52  50  53
    64 2 15 2 2   84  49  35  49  41  38  41  45
    64 2 15 2 2   95  46  48  49  52  39  51  51
    65 2 13 5 2  109  48  59  60  57  49  41  51
    65 1 13 6 2   72  39  47  47  31  43  46  48
    66 2 17 5 2   93  44  36  48  49  42  60  54
    66 1 17 6 2    .  51  47  53  47  44   .  36
    67 2 15 2 2  105  54  51  50  55  63  66  57
    67 2 15 2 2  109  56  51  45  40  50  50  50
    68 1 17 4 2   94  48  38  58  39  45  39  47
    68 1 17 4 2   87  44  53  42  49  52  53  50
    69 1 14 3 1   83  42  44  37  32  39  38  43
    69 1 14 3 1   76  33  33  31  26  36  33  66
    70 2 17 5 2  107  52  51  53  46  47  58  70
    70 1 17 6 2  102  54  57  54  63  55  59  28
    71 2 14 5 2   85  47  48  39   .  53  55  54
    71 1 14 6 2  100  46  59  51  63  50  54  60
    72 2 18 1 1  108  38  41  50  59  61  54  72
    72 2 18 1 1  121  49  51  52  68  66  56  67
    73 2 15 5 2   95  35   .  43  42  39   .  51
    73 1 15 6 2   93  36  38  46  47  36  36  30
    74 2 15 5 2   63  40  36  38  37  40  48  58
    74 1 15 6 2   95  36  35  55  54  53   .  46
    75 1 17 4 2   83  38  42  39  47  42  44  50
    75 1 17 4 2   89  45  50  57  53  44  34  47
    76 2 16 2 2  120  54   .  46  56  64  56  54
    76 2 16 2 2   92  54  61  52  47  38  47  50
    77 2 14 1 1  113  47  52  49  47  57  68  35
    77 2 14 1 1    .  49  48   .  51  47  56  44
    78 1 17 4 2   90   .  46  40  62  65  43  35
    78 1 17 4 2  109  48  53  52  57  62   .  46
    79 2 17 5 2  102  48  50  40  49  59  43  47
    79 1 17 6 2  101  31  37  39  37  36  46  31
    80 2 17 2 2  101  55  52  65  43  41  46  52
    80 2 17 2 2   94  46  44  40  49  52  54  69
    81 2 15 5 2   93  52  47  42  42  41  39  45
    81 1 15 6 2  101  62   .  52  60  48   .  54
    82 2 15 1 1   93  46   .  49  50  54  47  48
    82 2 15 1 1   89  47   .  48  58  47  48  51
    83 2 17 2 2   78  26  35  31  64  45  45  47
    83 2 17 2 2   90  50  48  48   .  44  34  40
    84 2 16 1 1  102  40  36  38  40  49  61   .
    84 2 16 1 1  111   .  42  42  60  47  48  43
    85 2 15 2 2   73  27  41  39  47  45  48  37
    85 2 15 2 2   65  25  30  26  36  34  42  60
    86 2 16 1 1   86  34  47  35  41  46  36  47
    86 2 16 1 1   76  27  38  37  30  35  47  39
    87 1 15 3 1  105  59  50  57  38  55  42  57
    87 1 15 3 1  110  51  56  61  52  68  50  53
    88 2 15 5 2   78  39  29  31  44  33  21  55
    88 1 15 6 2   88  55  40  49  50  52  34  42
    89 2 15 2 2   90  70  53   .  42  55  48  49
    89 2 15 2 2  107  59  59  59  46  36  42  47
    90 2 16 2 2   93  56  46  51  40  28  33  52
    90 2 16 2 2  107  58  50  38  50  44  38  48
    91 2 15 2 2  105  60  48  57  43  40  46  53
    91 2 15 2 2  106  60  51  39  58  41  40  63
    92 2 15 5 2  105  52  54  59  52  51  56  57
    92 1 15 6 2   75  35  34  34  46  30  26  38
    93 2 14 2 2  114  62  64  53  58  52  52  48
    93 2 14 2 2  111  62  74  65  37  50  43  46
    94 2 16 5 2   99  50  60  55  51  60  56  47
    94 1 16 6 2  128  74  63  67  65  56  62  66
    95 1 15 4 2   76  42  48  43  47  45  51  28
    95 1 15 4 2   85  47  53  47  41  51  53  36
    96 2 14 5 2  123  48  56  54  68  85  69  63
    96 1 14 6 2  127  70  69  48  54  50  51  53
    97 2 14 5 2  113  51  41  40  39  41  45  57
    97 1 14 6 2  104  51  48  62  47  44  48  58
    98 2 16 2 2  119  58  45  45  67  56  50  46
    98 2 16 2 2  100  46  50  44  50  56  57  50
    99 2 14 5 2  114  52  46  36  51  51  46  60
    99 1 14 6 2    .  51  40  48  59  63  58  54
   100 2 13 1 1   96  44  49  44  53  51  38  48
   100 2 13 1 1   98  35  39  36  61  53  57  41
   101 2 16 5 2  109  46  47  67  36  45  55  47
   101 1 16 6 2  101  53  50  46  46  54  62  53
   102 2 17 5 2  112  63  54  63  64  72  60  63
   102 1 17 6 2   75  42  39  44  44  45  44  33
   103 2 13 5 2  111  65  57  56  45  66  71  69
   103 1 13 6 2    .   .  70  74  51  55  68  51
   104 2 14 1 1   99  55  43  48  57  46  56  57
   104 2 14 1 1   91  51  47  45  42  42  71  65
   105 2 13 1 1  106  42  54  54  53  52  55  41
   105 2 13 1 1   95  50  56  58  50  44  51  35
   106 2 15 1 1  105  42  48  45  42  50  56  60
   106 2 15 1 1  110  55  46  55  52  62  53  53
   107 2 17 2 2   88  47  39  27  50  52  53  37
   107 2 17 2 2   97  49  36   .  48  39  37  65
   108 2 17 5 2    .  45  42  39  49  45  45  48
   108 1 17 6 2   84  36  27  21  44  54  53  49
   109 1 15 3 1  110  49  46  51  57  62  65  55
   109 1 15 3 1  109   .  50  56  53  70  64  50
   110 1 16 4 2  114  45  55  50  60  51  71  38
   110 1 16 4 2   98  48  51  44  42  45  41  59
   111 2 14 5 2   94  53  50  51  58  41  55  31
   111 1 14 6 2  111  55  55  61  60  49  52  52
   112 1 15 3 1  126  46  66  75  77  70  75  59
   112 1 15 3 1  126  66  62  58  67  64  69  62
   113 2 17 5 2   77  45  42  35  56  55  55  47
   113 1 17 6 2  113  46  48  52  70  68  69  54
   114 1 14 4 2   93  50  34  56  35  42  27  28
   114 1 14 4 2  105  53  57  58  47  49  45   .
   115 2 18 1 1  136  59  69  55  57  59  55  65
   115 2 18 1 1  142  74  66  69  57  44  58  61
   116 2 16 5 2   88  42  38  53  51  53  37  54
   116 1 16 6 2   87  59  49  37  44  56  51  46
   117 2 18 5 2  111  70  53  57  46  69  53  50
   117 1 18 6 2   99  54  48  56  57  41  53  52
   118 2 18 2 2   87  54  38  54  52  43  44  45
   118 2 18 2 2   80  48  37  30  41  26  32  52
   119 2 14 5 2   85  58  44  47  48  47  51  35
   119 1 14 6 2  105  57  38  44  55  58  58  57
   120 2 16 2 2  101  52  37  44  55  57  51  38
   120 2 16 2 2   97  53  33  44  55  43  46  16
   121 2 15 5 2  116  45  55  50  58  48  58  55
   121 1 15 6 2   89  58  55  45  49  45  46  53
   122 2 15 5 2   82  55  44  38  54  43  46  31
   122 1 15 6 2   88  52  45  55  38  38  39  45
   123 2 15 5 2  127  58  56  47  51  54  55  51
   123 1 15 6 2   96  44  33  36  57  42  49  47
   124 2 15 2 2   86  50  48  43  51  42  43  47
   124 2 15 2 2  106  47  40  51  53  66  70  56
   125 1 15 4 2  100  41  44  33  56  60  58  39
   125 1 15 4 2  117  45  52  59  65  61  57  65
   126 2 16 1 1   79  49  37  29  42  34   .  59
   126 2 16 1 1   80  45  46  47  47  44  42  46
   127 1 18 3 1   89  47  60  62  34  30  34  62
   127 1 18 3 1   98   .  52  49  52  49   .  59
   128 2 14 5 2    .  57  50  47  40  42  48  60
   128 1 14 6 2  103  49  42  45  63  54  58  56
   129 2 15 1 1   95  50  43  46  42  41  46  46
   129 2 15 1 1   96  55  45  56  54  33  35  30
   130 2 17 5 2  104  62  61  49  44  45  50  51
   130 1 17 6 2   95  48  57  41  39  34  50  50
   131 2 18 5 2  113  47  46  49  62  56   .  32
   131 1 18 6 2    .  52  62  51  45  52  50  37
   132 2 17 1 1   94  47  54  51  35  54  46  48
   132 2 17 1 1  101  56  48  45  48  53  46  49
   133 2 14 5 2  116  72  74  70  39  56  47  58
   133 1 14 6 2   90  43  50  54  44  40  41  41
   134 1 17 4 2   82  51  46  40  51  42  48  52
   134 1 17 4 2   82  62  38  47  55  51  41  49
   135 1 16 3 1   98  62  51  54  44  44  55  52
   135 1 16 3 1   89  49  43  44  54  46  63  44
   136 2 15 5 2   84  39  39  46  46  59  49  65
   136 1 15 6 2  106  49  53  61  64  55  46  58
   137 2 14 5 2  126  60  62  71  63   .  58  68
   137 1 14 6 2   86  50  50  52  47  42  42  51
   138 2 15 2 2   90  33  36  39  46  37  50  59
   138 2 15 2 2   78  40   .  32  38  41  50  46
   139 1 14 3 1  107  65  58  65  48  60  68  40
   139 1 14 3 1   91  51  50  55  61  53  60  24
   140 2 15 1 1  120  61  43  58  52  49  59  57
   140 2 15 1 1  106  55  49   .  44  42  44   .
   141 1 18 4 2  122  66  57  51  65  53  64  54
   141 1 18 4 2  152  71  74  77  80  80  93  69
   142 1 17 4 2  104  60  41  45   .  68  59  56
   142 1 17 4 2  114  57  54  60  56  59  50  52
   143 2 14 5 2   88  47  44  45  51  40  33  48
   143 1 14 6 2   95  65  51  52  39  43  41  50
   144 2 16 2 2  103  43  58  45  46  39  57  58
   144 2 16 2 2  107  49  44  46  58  61  61  50
   145 1 17 4 2   90  45  52  53  48  50  48  48
   145 1 17 4 2   82  28  29  34  43  32  32  61
   146 2 18 2 2  106  54  55  48  53  42  30  35
   146 2 18 2 2  113  50  44  48  49  61  56  53
   147 2 14 5 2   88  47  52  47  47  32  33  32
   147 1 14 6 2   77  54  45  40  26  22  28  32
   148 2 16 5 2  100  48  44  54  55  56  50   .
   148 1 16 6 2   99  59  47  50  39  44  39  48
   149 2 15 1 1  104  49  64  64  64   .  51  48
   149 2 15 1 1  110  55   .  56  61  65  53  27
   150 2 15 1 1   81  45  62  57  48  54  32  55
   150 2 15 1 1   99  57  60  63  47  40  46  50
   151 1 14 3 1  104  64  63  57  69  56  47  52
   151 1 14 3 1  105  57  67  52  55  54  47  59
   152 2 14 5 2   97  43  44  40  53  41  53  32
   152 1 14 6 2  106  36  50  43  48  44  45  37
   153 2 14 5 2   92  47  42  49  56  44  45  61
   153 1 14 6 2   97  35  45  38  56  49  48  57
   154 2 13 2 2  116   .  42  61  45  54  43  59
   154 2 13 2 2  123  69  69  56  55   .  62  48
   155 2 14 2 2   91  43  46  36  36  49  44  37
   155 2 14 2 2   87  44  43  37  58  43  35  51
   156 2 14 2 2   85  37  37  34  51  51  50  59
   156 2 14 2 2   92  52  47  44  51  51   .  58
   157 1 14 3 1   94  40  52  52  49  55  45  35
   157 1 14 3 1   90  49  53  54  47  49  54  29
   158 2 14 5 2  112   .  44   .  62  45  42  39
   158 1 14 6 2  111  59  58  65  61  64  57  33
   159 2 15 5 2  102  54  55  53  65  57  46  58
   159 1 15 6 2   93  51  65  59  49  45  43  54
   160 2 16 5 2   97  37  43  55  56  56  71  37
   160 1 16 6 2   99  42  45  58  56  52   .  48
   161 2 18 5 2   84  42  43  43  30  34  47  45
   161 1 18 6 2   75  41  48  45  35  40  48  52
   162 1 15 4 2  122  48  54  46  67  73   .  55
   162 1 15 4 2  121  56   .  58  46  63   .  58
   163 2 16 5 2  132  70  66  57  53  53  66  62
   163 1 16 6 2  107  74  52  55  36  39  50  59
   164 2 17 5 2   91  47  41  40  50  37  44   .
   164 1 17 6 2  103  49  45  35  55  37  44  49
   165 2 14 1 1   79  33  53  43  33  28  31  30
   165 2 14 1 1   89  53  51  46  50  37  37  49
   166 2 14 2 2   89  58  50  57  43  39  48  46
   166 2 14 2 2   87  31  42  35  40  43  52  59
   167 2 17 2 2   76  47  50  50  46  48  41  37
   167 2 17 2 2   98  55  60  54   .  51  44  53
   168 2 18 1 1  105  52  50  55  56  49  58  44
   168 2 18 1 1  106  48  65  56  46  56  62  67
   169 1 17 4 2  125  59  58  66  51  63  63  53
   169 1 17 4 2  113  35  43  46   .  53  40  55
   170 2 18 5 2   82  29  40  44  43  40  41  51
   170 1 18 6 2   79  44  39  29  60  63  61  40
   171 2 13 5 2  106  47  45  50  60   .  64  65
   171 1 13 6 2   94  47  49  55  39  50  63   .
   172 2 14 1 1  102  64  56  69  39  48  38  55
   172 2 14 1 1   98  47  48   .  56  68  44  50
   173 2 14 1 1   79  48  47  37  30  33  22  49
   173 2 14 1 1   71  37  31  38  24  32  20  36
   174 2 16 2 2   80  31  42  38  36  41  38  41
   174 2 16 2 2   69  25  24  18  42  49  44  58
   175 1 18 4 2   99  52  56  61  63  63  58  34
   175 1 18 4 2  117  69  66  68  62  54  54  48
   176 2 14 5 2  107  51  51  59  37  49  47  50
   176 1 14 6 2   95  52  48  46  58  62  52  81
   177 2 15 2 2  113  59   .  50  59  65  63  47
   177 2 15 2 2  107  40  41  32  49  57  47  37
   178 1 16 3 1   96  43  48  42  39  43  45  55
   178 1 16 3 1  106  56  63  51  44  57  63  39
   179 1 13 4 2   65  31  16  24  18  20  36  42
   179 1 13 4 2   68  45  31  38  28  35  33  45
   180 2 16 2 2  125  50  58  58  64  47  61  70
   180 2 16 2 2  115  61  69  60  61  61  45  58
   181 1 14 3 1  101  46  34  39  37  44  53  61
   181 1 14 3 1   80  58  35  47  43  49  46  41
   182 2 17 5 2  125  60  65  55  51  54  61  82
   182 1 17 6 2  133  67  72  69  52  56  52  59
   183 2 14 1 1  104  42  49  47  49  55  61  47
   183 2 14 1 1   92   .  39  36  52  65  60  50
   184 2 14 5 2  112  69  66  53  62  41  42  57
   184 1 14 6 2   94  55  56  52  49  47  58  51
   185 1 15 3 1  129  56  64  66  63  70  69  44
   185 1 15 3 1  113  63  56  53  60  61  61  43
   186 1 15 4 2  113  50  41  46  58  63  55  47
   186 1 15 4 2  109  41  49  53  48  63  50  56
   187 2 18 5 2  118  58  42  62  57  55  59  53
   187 1 18 6 2  111  58  64  47  59  56  59  62
   188 1 17 4 2  112  63  52  58  47  43  52  48
   188 1 17 4 2  108  43  47  52  49  60  45  27
   189 1 14 3 1   98  69  50  61  50  42  40  52
   189 1 14 3 1  105  66  65  60  60  55  42  42
   190 1 14 4 2   89  37  40  29  47  57  59  65
   190 1 14 4 2   85  39  39  35  46  47  54  64
   191 2 14 5 2   98  52  45  49  55  53  54  40
   191 1 14 6 2   85  46  46  42  39  42  46  40
   192 2 14 1 1   99  44   .  45  52  47  28  43
   192 2 14 1 1   97  39  49  42  53  48  42  31
   193 1 15 4 2   90  50  58  58  41  30  32  33
   193 1 15 4 2  103  49  52  49  51  40  43  54
   194 2 13 5 2    .  52  50  40  60  69  63  48
   194 1 13 6 2  104  60  58  52  51  42  49  53
   195 2 17 5 2   90  57  44  55  50  46  59  31
   195 1 17 6 2   91  40  36  36  45  44  43  46
   196 2 14 5 2  114  49  59  56  55  60  46  50
   196 1 14 6 2  116  44  53  51   .  58  53  62
   197 2 17 2 2   88  56  51  56  29  34  38  49
   197 2 17 2 2   71  32  37  33  41  39  43  64
   198 2 17 1 1  101  53  55  65  49  39  44  54
   198 2 17 1 1  105   .  64  64  51   .  43  60
   199 2 18 5 2  124  67  66  70  60   .   .  52
   199 1 18 6 2  128  67  83  79  66  60  59  68
   200 2 17 5 2   87  54  47  38  43  53  38  65
   200 1 17 6 2   90  43  31  31  36  42  42  60
   201 2 17 1 1  113  63  54  56  59  54  49  48
   201 2 17 1 1  104  57  38  60  39  54  47  52
   202 2 14 1 1    .  81  72  68  50  45  54  58
   202 2 14 1 1  139  63  61  55  73  66  74  53
   203 1 17 3 1   86  48  42  45  44  44  31  58
   203 1 17 3 1   93  49  43   .  36  40  33  47
   204 1 15 3 1  116  51  48  53  54  56  49  49
   204 1 15 3 1  102  53  38  42  56   .  55  55
   205 2 17 5 2  112  50  53  55  48  51  47  57
   205 1 17 6 2   82  41  41  33  51  45  44  52
   206 2 18 1 1   76  49   .  53  34  39  37  63
   206 2 18 1 1   82  41  65  45  43  55  46  51
   207 2 18 1 1   94  38  59  60  53  48  58  53
   207 2 18 1 1   95  59  56   .  44   .  52  54
   208 1 14 3 1   96   .  47  48  50  52  37  50
   208 1 14 3 1  109  59  42  53  48  49  49  50
   209 2 14 2 2  102  45  48  55  47  60  65  50
   209 2 14 2 2   93  75  68  58   .  46  52   .
   210 1 14 3 1  119  61  56  60   .  57  61  63
   210 1 14 3 1  112  53  46  51  60  58  47  61
   211 1 17 4 2  119  68  50  61  53  53  49  54
   211 1 17 4 2   79  43  45  51  54  57  43  44
   212 2 17 1 1   81  45  37  45  42  48  39   .
   212 2 17 1 1   83  44  35  32  65  66  65  20
   213 2 17 1 1  108  42  45  47  53  51  60  33
   213 2 17 1 1  110  47  53  46  39  53  57  33
   214 2 17 1 1  120  66  60  55  49  42  51  42
   214 2 17 1 1  114  60  59  47  42  49  40  45
   215 2 17 5 2   86  54  46  37  40  46  46  45
   215 1 17 6 2  110  61  51  50  48  49  36  39
   216 1 15 3 1  125  60  60  58  55  48  58  56
   216 1 15 3 1  111  65  60  60  46  50  56  41
   217 2 14 5 2  118  39  47   .  61  61  55  52
   217 1 14 6 2  121  56  57  56  52  65  66  59
   218 2 16 5 2   98  50  57  57  61  51  41  49
   218 1 16 6 2  102  57  60   .  54  46  54  58
   219 1 14 4 2  103  42  52   .  44  45  49  52
   219 1 14 4 2  100  45  48  41  50  49  56  40
   220 1 14 3 1   92  51  37  51  44  47  43  40
   220 1 14 3 1   89  46  48  53  47  51  43  43
   221 2 17 2 2  101  37  51  41  49  44  49  57
   221 2 17 2 2  112  55  53  46  41  56  46  54
   222 2 15 5 2  133  59  65  66  57   .  66  47
   222 1 15 6 2  107  46  60  46  53  61  52  50
   223 2 13 2 2   56  23  32  35  36  23  29  29
   223 2 13 2 2   80  30  29   .  34  27  31  25
   224 2 14 5 2  127  52  67  50   .  70  74  67
   224 1 14 6 2  109  49  53  61  43  41   .  70
   225 1 17 4 2   99  54  64  58  67  59  58  49
   225 1 17 4 2  104  55  45  53  53  63  52  33
   226 2 15 5 2  107  50  49  42  41  41  47  49
   226 1 15 6 2   90  40  39  43  35  53  43   .
   227 2 15 5 2   85  50  53  46  22  33  49  56
   227 1 15 6 2  110  45  52  61  57  49  61  69
   228 2 18 5 2   97  57  41  59  40  42  48  61
   228 1 18 6 2   81  37  40  29  54  38  41   .
   229 1 16 4 2   98   .   .   .  46  48  44  54
   229 1 16 4 2  106  46  57  40  41  52  53  66
   230 1 14 3 1  102  58  62  57  56  51  58  54
   230 1 14 3 1   88  56  49  54  33  46  47  46
   231 1 14 3 1   96  40  48  43  52  50  59  40
   231 1 14 3 1  103  40  57  54  47  47  50  59
   232 1 14 4 2   84  42  37  38  42  65  51  45
   232 1 14 4 2   85  37  35  33  40  64  52  47
   233 2 17 5 2  119  47  50  48  54  64  61  46
   233 1 17 6 2   95  49  46  45  53  43  41  57
   234 2 14 1 1   96  48  48  45  46  48  45  47
   234 2 14 1 1    .  39  45  50  32  39  37  33
   235 1 17 4 2  120  54  46  50  60  69  74  59
   235 1 17 4 2   97  54  36  46  44  57  61  50
   236 1 17 3 1   99  52  50  47   .  47  54  24
   236 1 17 3 1  105  50  47  45  55  59  51   .
   237 2 16 2 2   91  43  37  30  38  32  45  37
   237 2 16 2 2   81  39  44  51  33  31  27  34
   238 2 18 5 2  112  64  60  77  59  56  42  38
   238 1 18 6 2  125  52  47  41  43  48  52  63
   239 2 14 1 1   98   .  44  53  47  49  44  46
   239 2 14 1 1  103  42  48  61  44  50  49  56
   240 2 14 5 2   94  51  53  44  49  55  38  51
   240 1 14 6 2    .  54  33  40  33  32  33  39
   241 2 14 5 2  100  35  33  44  42  49  43  54
   241 1 14 6 2  123  51  54  57  65  58  57  57
   242 2 14 1 1   80  46  50  51  39  48  57  51
   242 2 14 1 1   80  43  39  43  46  52  52  43
   243 2 16 5 2   78  28  54  51  34  35  33  45
   243 1 16 6 2  107  51  52  50  47  63  56  36
   244 2 16 5 2   95  49  58  59  66  50  35  41
   244 1 16 6 2  100  54  49  53  61  47  47  53
   245 1 18 3 1  111  55  61  55  52  46  48  50
   245 1 18 3 1  118  57  69  66  53  47  45  50
   246 1 13 3 1  112  55  34  55  45  53  56  56
   246 1 13 3 1  102  56  57  58  36  54  48  74
   247 2 18 1 1  107  46  58  54  62  63  58   .
   247 2 18 1 1  107  43  38  47  54  42  40  48
   248 2 16 2 2  117  51  59  59  48  56  56  59
   248 2 16 2 2  114  44  54  57  53  49  54  58
   249 2 17 2 2   75  39  43  34  38  57  35  51
   249 2 17 2 2  108  61  66  48  59  43  48  54
   250 2 17 5 2  104  67  75  63  43  57  60  63
   250 1 17 6 2  111  56  56  54  49  63  49  57
   251 2 16 2 2  121  44  50  53  56  65  58  45
   251 2 16 2 2  112  54  52  43  48  54  40  48
   252 2 14 1 1   61  46  36  29  32  23  30  40
   252 2 14 1 1   65  33  30  31  31  36  31  39
   253 2 16 5 2    .  56  55  50  56  55  54  48
   253 1 16 6 2   90  43  53  48  60  54  48  44
   254 1 17 3 1   76  52  42  36  30  42  43  51
   254 1 17 3 1   74  34  38  42  42  38  39  58
   255 2 14 1 1   96  57  51  49  52  57  50  55
   255 2 14 1 1  101  73  61  58  57  47  50  51
   256 2 15 5 2  120  67   .  59  65  72  67  49
   256 1 15 6 2  106  61  54  49  65  65  62  54
   257 2 17 5 2  110  44  39  54   .  41  49  76
   257 1 17 6 2  101  51  53  48  57  48  61  49
   258 2 18 5 2  124  57  52  61  51  68  58  76
   258 1 18 6 2  117  68  52  56  53  59  46  69
   259 2 17 1 1   85  37   .  32  33  44  40  42
   259 2 17 1 1   84  51  47  50  34  33  30   .
   260 1 14 3 1  110  57  40  49  55  60  51  49
   260 1 14 3 1  110  55  58  59  58  60  70  48
   261 2 17 2 2   91  46  36  52  49  45  53  29
   261 2 17 2 2   82  43  45  40  32  35  41  41
   262 2 14 5 2  103  39  40  45  46  42  48  64
   262 1 14 6 2   89  44  48  55  40  49  42  54
   263 1 16 3 1  104  53  50  52  46  65  56  44
   263 1 16 3 1   87  40  46  47  42  50  43  50
   264 2 16 5 2   82  52  47  44  30  39  46  50
   264 1 16 6 2  115  66  78  70  62  50  52  67
   265 2 18 1 1  113  55  59  56  55  44  50  38
   265 2 18 1 1  107  55  57  56  53  45  47  47
   266 2 17 2 2   83  34  48  51  46  31  22  58
   266 2 17 2 2  103  43  46  61  47  52  50  51
   267 2 16 5 2   96  44  47  44  34  46  30  65
   267 1 16 6 2  111  44  57  56  51  55  58  60
   268 2 15 2 2   94  44  39  40  44  37  44  33
   268 2 15 2 2   73  35  42  48  39  37  34  47
   269 2 18 5 2   92  54  40  42  44  50  52  39
   269 1 18 6 2  104  47  60  56  58  68  64   .
   270 1 17 4 2   99  56  59  49  48  47  40  53
   270 1 17 4 2  105  46  50  66  52  54  42  65
   271 2 16 5 2   84  43  33  45  51  51   .  44
   271 1 16 6 2  115  47  53  40  58  67  69   .
   272 2 15 5 2  100  38  48  34  57  62  47  50
   272 1 15 6 2  122  57  54  49  61  61  60  51
   273 2 17 5 2  107  56  63  59  52  56  48  39
   273 1 17 6 2   95  39  33  36  44  40  53  37
   274 2 13 2 2   94  52  47  47  39  33  23  39
   274 2 13 2 2   92  54   .  52  48  38  44  30
   275 2 16 1 1   86  33  48  36  50  40  44  43
   275 2 16 1 1   83  40  33  31  49  51  54  44
   276 2 14 5 2   94  56  55  59  67  69   .  46
   276 1 14 6 2   89  55  51  51  42  35  38  48
   277 1 18 4 2   96  47  42  41  67  63  53  36
   277 1 18 4 2   86  46  52  60  37  51  49  48
   278 2 14 2 2   91  55  58  55  45  54  49  43
   278 2 14 2 2   98  56  52  55  66  53  44  29
   279 2 17 1 1  102  38  58  46  54  53  41  44
   279 2 17 1 1  117  49  46  41   .  50  43  46
   280 2 14 5 2   99  57  45  45  42  47  48  69
   280 1 14 6 2   76  46  30  39  32  48  38  60
   281 2 14 1 1   94  57  38  40  47  48  49  39
   281 2 14 1 1   89  41  41  39  44  43  55  46
   282 2 17 5 2  107  54  43   .  44  49  47  58
   282 1 17 6 2  113  57  61  52  60  64  43  43
   283 2 15 5 2   87  48  40  49  19  32  34  65
   283 1 15 6 2  104  48  45  48  41  52  50  59
   284 2 14 2 2  108  56  63  56  54  55  60  51
   284 2 14 2 2    .  51  63  58  61  62  56  57
   285 1 14 4 2  106  51  41  49  42  35  51  45
   285 1 14 4 2   86  37  23  34  33  36  37  46
   286 1 15 3 1  125  62  50  57  56  54  61  43
   286 1 15 3 1  134  71  73  69  55  62  67  65
   287 2 15 1 1   99  43  53  43  35  44  42  34
   287 2 15 1 1    .  38  55  51  36  36  38  50
   288 1 17 3 1   94  59  63  50  57  62  59  59
   288 1 17 3 1  104  49  51  46  58  49  51  51
   289 2 13 5 2   79  35  36  46  32  41  29  46
   289 1 13 6 2   92  48  39  39  52  52  58  54
   290 2 17 5 2   76  24  37  43  50  42  64  57
   290 1 17 6 2   75  34  32  38  48  23  42  42
   291 1 14 4 2   80  45  37  40  52  56  42  53
   291 1 14 4 2   98  57  52  52  44  43  54  44
   292 2 15 2 2  130  52  53  51  58  56  52  50
   292 2 15 2 2  124  63  48  60  58  49  58  46
   293 2 17 1 1   81  50  38  43  43  41  42  59
   293 2 17 1 1   82  42  42  48  49  44  43  59
   294 1 18 3 1  100  26  32  30  68  58  44  46
   294 1 18 3 1   85  33  29  34  50  54  46  38
   295 2 13 5 2  110   .  46  52  62  67  65  54
   295 1 13 6 2   86  34  32  48  23  29  27  49
   296 2 15 5 2  121  42  51  58  52  51  40  59
   296 1 15 6 2  102  57  59  54  57  46  45  55
   297 2 17 5 2  102  53  62  46  45  58  52  38
   297 1 17 6 2   96  35  50   .  29  46  49  64
   298 2 16 5 2  116  52  61  54  58  43  37  49
   298 1 16 6 2   88  51  50  46  42  32  50  58
   299 2 13 5 2  108  57  47  64  46  44  48  53
   299 1 13 6 2  106  65  47  46  41  51  57  42
   300 2 17 1 1   89  45  48  48  44  55  58  48
   300 2 17 1 1   88  39  48  50  37  49  46  48
   301 2 15 5 2   93  41  52  36  56  48  42  68
   301 1 15 6 2  122  52  56  58   .  37  50  65
   302 1 15 4 2  105  50  60  57  57  43  47  49
   302 1 15 4 2  101  51   .  44  47  49  50  51
   303 2 15 5 2  103  52  44  48  52  50  48  48
   303 1 15 6 2  100  50  44  48  46  51  52  67
   304 1 16 3 1  142  68  70  75  68  63  70  51
   304 1 16 3 1  128  65  64  67  66  59  59  71
   305 2 14 2 2  106  59  45  55  74  71  60  37
   305 2 14 2 2  103  62  42  59  56  42  52  38
   306 2 16 2 2  123  69   .  68  58  71   .  59
   306 2 16 2 2   82  45  39  40  39  40  43  68
   307 2 15 5 2   90  53  48  69  41  28  24  62
   307 1 15 6 2  117  59  62   .  59  50  55  49
   308 1 14 4 2   94   .  47  40  46  49  51  63
   308 1 14 4 2  110  44   .  60  63  59  61  55
   309 2 15 5 2  106  49  53  52  67  69  63  62
   309 1 15 6 2   89  51  44  45  49  55  60  48
   310 1 14 3 1  110  67  45  52  52  52  50  42
   310 1 14 3 1  109  56  40  41  50  56  64  58
   311 1 17 4 2   95  51  47  50  49  61  70  65
   311 1 17 4 2  105  48  48  52  57  54  61  79
   312 1 16 4 2  100  67  69  70  56  62  60  51
   312 1 16 4 2   97  57  47  56  50  49  53  57
   313 1 13 4 2  113  40  41  45  68  75  49  42
   313 1 13 4 2  122  64   .  51  50  39  43  63
   314 2 16 5 2    .  47  50  48  52  45  39  53
   314 1 16 6 2  105  53  51  46  55  54  61  43
   315 2 15 5 2  102  41  40  43  56  65  64  35
   315 1 15 6 2   98   .  37  41  39  42  44  49
   316 1 18 4 2  120  52  70  61  60  51  68  57
   316 1 18 4 2  105  52  51  48  47  31  43  51
   317 2 15 1 1  102  54  53  46  63  61  45  43
   317 2 15 1 1   95  43  44  20  46  49  39  56
   318 2 14 1 1  123  56  58  57  53  63  49   .
   318 2 14 1 1  105  54  51  61  62  62  59  50
   319 1 16 4 2  117  69  60  64  49  53  59  52
   319 1 16 4 2   95  42   .  57  55  57  58  49
   320 2 15 5 2  135  61  73  69  79  67  76  45
   320 1 15 6 2  112  59  52  45  57  48  58  33
   321 2 15 5 2   83  51  48  44   .  30  37  39
   321 1 15 6 2   68  39  49  47  38  35  27  36
   322 1 15 3 1   84  41  38  30  50  39  39  49
   322 1 15 3 1   75  21  30  22  48  43  41  50
   323 2 18 2 2   99  40  34  43  48  43  51  54
   323 2 18 2 2   69  32  26  35  50  58  53  49
   324 2 15 1 1   87  44  31  46  51  46  53  46
   324 2 15 1 1   88  43  49  53  57  57  55  59
   325 2 17 5 2   87  44  46  51  49  48  56  49
   325 1 17 6 2   96  43  45  41  39  39  53  50
   326 2 15 2 2   95  48  53  54  61  50  52  51
   326 2 15 2 2    .  62  69  67  57  48  56  61
   327 2 17 5 2  112  47  46  43  61  53  56  46
   327 1 17 6 2   86  46  40  56  49  52  54  26
   328 2 16 1 1   97  63  53  50  55  55  46  55
   328 2 16 1 1    .  65  71  60  60  42   .  51
   329 2 15 5 2  101  44  54  40  56  52  59  36
   329 1 15 6 2  128  59  57  58  61  57  63  44
   330 2 18 5 2  113  66  50  50  53  58  64  50
   330 1 18 6 2  112   .  59  53  50  55  57  61
   331 1 16 3 1  101   .  50  45  34  37  48  39
   331 1 16 3 1   97  45  43  40  41  46  40  54
   332 2 17 5 2  103  45  37  45  56  57  49  57
   332 1 17 6 2  103  49  58  52   .  49  51  39
   333 2 17 5 2   79  51  45  53  41  34  43  40
   333 1 17 6 2   91  51   .  55  34  35  44  30
   334 1 13 4 2   85  35  47  43  49  45  52   .
   334 1 13 4 2  106  49  53  54  52  51  47  49
   335 2 17 2 2  125  62  65  53  55  64  57  50
   335 2 17 2 2  129  70  78  82  54  64  75  60
   336 1 16 3 1  102  46  42  54  44  54  58  42
   336 1 16 3 1  109  58  64  63  49  47  45   .
   337 2 15 2 2   95  48  45  52  44  46  49  54
   337 2 15 2 2    .  44   .  49  57  66  69  65
   338 1 15 3 1  112  38  45  46  61  63  55  57
   338 1 15 3 1   96  53  46  54  62  57  46  52
   339 2 16 2 2   85  46  37  43  47  52  39  48
   339 2 16 2 2   89  44  41  48  30  36  40  57
   340 2 14 5 2  118  70  54  56  64  62  43  60
   340 1 14 6 2    .  41  46  56  56  53  65  65
   341 1 18 4 2   86  46  45  48  47  39  31  49
   341 1 18 4 2  107  54  49  49  61  54  56  63
   342 1 16 3 1  100   .  67  56  57  63  64  47
   342 1 16 3 1  110  63  65  56  55  57  69  55
   343 2 14 2 2  112  50  50  41  44  38  48  47
   343 2 14 2 2  121  51  51  55  60  52  52   .
   344 2 13 5 2  113  57  54  51  50  46  47  55
   344 1 13 6 2  113  57  53  46  57  51  61  47
   345 1 17 3 1  100  65  59  61  50  43  51  42
   345 1 17 3 1  109  56  58  52  51  61  54  66
   346 2 17 2 2   95  58  59  49  51  49  51  55
   346 2 17 2 2  114  65  48  60  52  55  42  55
   347 1 13 3 1  117  60  61  57  69  61  63  59
   347 1 13 3 1  134  73  64  63  57  58  63  55
   348 2 16 5 2   79  55  51  49  47  44  45  46
   348 1 16 6 2   96  42  39  36   .  41  45  32
   349 2 16 1 1   92  43  50  58  48  40  42  31
   349 2 16 1 1   79   .  36  50  35  34  40  42
   350 1 17 4 2  111  65  57  58  44  56  45  52
   350 1 17 4 2   88  38  53  52  53  52  46  54
   351 1 18 3 1   83  43  43  43  52  50  58  40
   351 1 18 3 1   84  40  43  42  39  41  47  46
   352 1 13 4 2  111  51  38  46  55  51  53  59
   352 1 13 4 2   97  45  37  42  45  40  31  37
   353 2 16 1 1  105  59  67  60  56  43  45  58
   353 2 16 1 1   83  39  46  43  42  44  37  36
   354 2 17 2 2  121  59  53  46  76  66  66  51
   354 2 17 2 2  147  59  59  68  67  66  76  60
   355 2 14 5 2   82  38  36  41  42  50  39  47
   355 1 14 6 2   88  43  38  41  48  49  46  40
   356 2 17 1 1  126  66  69  65  48  43  57  79
   356 2 17 1 1  112  72  61  60  39  55  48   .
   357 2 16 5 2  110  66  60  70  60  60  55  44
   357 1 16 6 2  120  43  44  50  65  56  48  66
   358 2 14 5 2  120  51  50   .  57  56  55  59
   358 1 14 6 2  101  47  46  38  54  52  40  37
   359 1 17 4 2   89  31  42  39  48  51  43  37
   359 1 17 4 2  124  69  65  66  69  67  52  59
   360 2 15 1 1  100  40   .  49  47  48  49  45
   360 2 15 1 1  110  46  51   .  40  36  47  41
   361 2 13 1 1  112  45  47  60  58  55  55  42
   361 2 13 1 1  111  42  48  56  57  60  64  41
   362 2 14 1 1   70  33  40  43  32  43  42  36
   362 2 14 1 1   76  22  34  45  31  33  45  49
   363 2 15 2 2  106  44  53  59  48  54  56  55
   363 2 15 2 2   83  42  50  45  43  35  38  44
   364 2 17 5 2  121  66  48  60   .  61  70  66
   364 1 17 6 2  105  49   .  51  64  68  61   .
   365 1 16 3 1   72  46  52  46  40  42  47  40
   365 1 16 3 1   79  48  44  38  33  53   .  49
   366 2 17 1 1  125  53  58  57  58  59  53  73
   366 2 17 1 1  106  43  48  46  44  47  58  56
   367 2 13 5 2  108  61  57  57  36  50  56  48
   367 1 13 6 2  101  56  52  60  55  68  54  57
   368 2 17 1 1   97  42  48  56  51  47  51  62
   368 2 17 1 1  109  45  50  51  61   .  63  63
   369 2 15 1 1   98  47  49  67  46  68  52  57
   369 2 15 1 1  110  55  46  52  52  55  50  47
   370 2 14 5 2  115  61  57  59  53  45  39  40
   370 1 14 6 2  112  55   .  58  61  62  49  49
   371 2 13 1 1   79  38  35  43  62  35  51  63
   371 2 13 1 1   89  38  42  41  48  42  65  49
   372 2 14 2 2   97  44  21  26  50  47  53  61
   372 2 14 2 2   92  43  48  38  48  38  38  57
   373 2 16 1 1   91  46  49  52  40   .  55  38
   373 2 16 1 1   93  38  42  40  57  55  59  44
   374 2 14 2 2  113  77  52  56  56  58  46  39
   374 2 14 2 2   99  56  40  55  39  51  42  48
   375 2 14 2 2  106  61  58  52  63  55  50  56
   375 2 14 2 2  106  61  53  60  54  42  39  77
   376 2 15 1 1   76  41  40  36  31  35  29  51
   376 2 15 1 1   72   .  55  43  41  43  45  52
   377 2 18 2 2  107  57  52  43  45  50  43  51
   377 2 18 2 2  106  69  57  60  41  51  53  54
   378 2 15 2 2  102  57  47  49  58  43  61  47
   378 2 15 2 2  104  41  39  46  57  67  58  57
   379 1 17 3 1   93  53  53  56  46   .  43  69
   379 1 17 3 1   88  57  54  61  51  41  52  53
   380 2 13 2 2  123  65  56  42  77  56  62  63
   380 2 13 2 2  107  55  57  48  42  47  45  49
   381 2 16 2 2  115  55   .   .  44  51  52  55
   381 2 16 2 2  113  54  66  72  50  37  40  33
   382 1 17 4 2  105  49  40  42  51  52  46  57
   382 1 17 4 2   89  48  49  40  43  41  32  47
   383 2 17 1 1   90  45  50  52  42  34  36  45
   383 2 17 1 1   96  48  37  46  45  39  39  41
   384 2 15 1 1  117  64  64  70  63  55  52  57
   384 2 15 1 1  123  61  72  57  53  50  54  45
   385 2 15 1 1   70  32  24  40  31  27  44  44
   385 2 15 1 1   87  45  35  47  32  46  49  60
   386 2 17 2 2  100  59  56  67  53  54  61  41
   386 2 17 2 2  110  39  59  56  50  40  36  41
   387 2 16 1 1   91  44  47  45  53  48  61  53
   387 2 16 1 1   92  38  35  36  45  59  54  59
   388 1 15 4 2  109  45  36  51  58  61  58  58
   388 1 15 4 2  103   .  42  33  49  58  50  66
   389 2 18 5 2  107  56  65  58  53  53  57  45
   389 1 18 6 2  112  59  54  54  42  51  45  58
   390 1 13 3 1  110  47  55  62  47  55  43  42
   390 1 13 3 1   98   .  47  47  54  43  43  51
   391 1 14 3 1  106  59  46  51   .  53  56  51
   391 1 14 3 1   90  54  58  40  45  51  45  63
   392 2 18 5 2   90  36  42  43  49  53  45  47
   392 1 18 6 2   68  40  39  50  43  53  47  51
   393 2 17 1 1  109  57  52  46  50  42  43  46
   393 2 17 1 1   95  49  46  62  45  50  46  57
   394 1 15 3 1  100  54  52  47  48  49  39  46
   394 1 15 3 1   98  55  41  39  48  41  42  55
   395 2 15 5 2  112  51  61  58  48  63  50   .
   395 1 15 6 2  114   .  62  43  48  48  64  61
   396 2 14 5 2  113  64  54  58  60  47  50  44
   396 1 14 6 2  118  61  69  61  55  53  53  45
   397 2 15 5 2  102  31  44  36  54  63   .  49
   397 1 15 6 2  121  59  46  51  62  60  63   .
   398 2 16 1 1  112  52  44  53  73  64  62  59
   398 2 16 1 1  113  47  55  50  64  68  55  45
   399 2 17 5 2  102  60  54  52  46  56  56  41
   399 1 17 6 2   73  47  36  38  43  41  44  50
   400 2 17 5 2   97  53  41  55  49  45  51  49
   400 1 17 6 2  132  47  53  58  63  42  45  52
   401 2 16 2 2  121  54  54  47  63  54  52  65
   401 2 16 2 2  101  63  51  48  53  53  35  48
   402 2 14 1 1  115  66  63  61  59  61  65  53
   402 2 14 1 1  107  59  64  50  55  58  68  48
   403 2 14 2 2  122  45  56  50  58  61  63  66
   403 2 14 2 2  129  74  79  69  62  60  57  60
   404 2 16 1 1   98  55  62  42  52  50  48  45
   404 2 16 1 1  100  41  39  49  52  59  52  48
   405 1 13 3 1  116  62  60  58  54  65  59  50
   405 1 13 3 1  122  62  58  71  56  56  63  55
   406 1 13 3 1   86  38  30  42  44  45  52  62
   406 1 13 3 1   90  36  36  45  55  46  55  44
   407 1 16 4 2   91  47  53  34  36  46  52  50
   407 1 16 4 2   90  61  56  57  53  51  55  51
   408 2 15 2 2   91  45  47  39  53  56  56  50
   408 2 15 2 2   84  51  46  40  46  53  50  41
   409 2 15 1 1   96  35  54  47  48  43   .  54
   409 2 15 1 1   90  51  62  52  54  46  38  38
   410 2 17 5 2  116  56  54  52  60  53  57  52
   410 1 17 6 2  110  48  56  58  58  66  60  55
   411 2 16 2 2  102  53  44  50  54  51  48  44
   411 2 16 2 2   99  52  38  41  40  52   .  38
   412 2 17 1 1  100  59  55  61  45  45  46  54
   412 2 17 1 1   90  53  51  57  40  45  37  54
   413 2 15 5 2  108  61  48  50  59  62  61  52
   413 1 15 6 2  114  64  69  63  54  51  44   .
   414 2 14 1 1   85  41   .  51  35  52  54  35
   414 2 14 1 1   90  51  45  43  44  50  52  54
   415 2 14 5 2   97  50  51  51  54  49  43  52
   415 1 14 6 2  113  50  38  46  45  65  54  43
   416 2 15 5 2  108  62  61  70  37  37  31  52
   416 1 15 6 2  106  42  62  56  50  55  52  51
   417 2 15 5 2  136  66  69  66  61  59  63  56
   417 1 15 6 2  104  58  54  47  45  47  48  57
   418 2 15 1 1  104  53  64  59  60  51  60  61
   418 2 15 1 1  109  64  58  60  54  55  43  67
   419 2 16 1 1  115  60  61  59  51  49  52  46
   419 2 16 1 1  111  51   .  54  49   .  52  60
   420 2 14 2 2  118  55  60  56  46  48  36  56
   420 2 14 2 2  107  47  57  47  53  57  58  62
   421 2 14 5 2   96  49  40  48  39  40  29  48
   421 1 14 6 2   96  34  40  43  49  41  61  31
   422 2 14 5 2  117  55  54  50  47  55  53   .
   422 1 14 6 2  109  47  58  51  52  67  46  56
   423 2 13 1 1   88  50  55  51  28  33  41  42
   423 2 13 1 1   98  46  57  51  45  38  41  49
   424 2 17 5 2    .  47  59  47  54  63  54  53
   424 1 17 6 2  107  55  53  59  43  49  36  46
   425 2 16 5 2  106  56  67  66  44  47  42  47
   425 1 16 6 2   98  53  52  51  41  51  42  68
   426 2 13 1 1   77  43  47  58  34  38  46  57
   426 2 13 1 1   90  47  41  47  34  41  44  53
   427 2 13 5 2  108  60  50  48  42  43  38  42
   427 1 13 6 2   94  31  26  41  46  34  36  40
   428 2 15 5 2   76  39  41  41  36  26  27  55
   428 1 15 6 2   71  36  42  38  28  54  36  42
   429 2 15 2 2   96  55  37  44  71  65  68  44
   429 2 15 2 2   77  35   .  38  35  43  37  48
   430 2 14 5 2   87   .  38  49  48  48  42  46
   430 1 14 6 2  102  65  58  58  62  59  61  42
   431 1 17 4 2   95  48  46  37  50  45  41  44
   431 1 17 4 2   77   .  38  35  31  34  45  38
   432 1 15 4 2   79  50  37  44  37  38  42  38
   432 1 15 4 2   97  55  49  53  55  48  56  61
   433 1 15 3 1   88  39  40  47  47  56  47  55
   433 1 15 3 1   86  42  53  40  55  60  53  35
   434 1 16 4 2  114  59  59  48  42  40  51  48
   434 1 16 4 2  102  51  48  43  49  50  42  40
   435 1 17 4 2  113  54  55  55  43  46  53  49
   435 1 17 4 2  103  49  61  58  56  43  62  51
   436 2 14 1 1  100  52  49  51  54  57  57  49
   436 2 14 1 1   91  55  39  39  35  49  46  54
   437 1 15 4 2  109  45  35  47   .  46  57  64
   437 1 15 4 2   92  53  63  62  46  44  54  66
   438 2 13 5 2   91  51  40  35  50  56  47  44
   438 1 13 6 2   87  46  54  47  38  45  50  42
   439 2 18 2 2   61  40  43  42  44  35  44  44
   439 2 18 2 2   85   .  35  40  43  34  35  49
   440 1 13 3 1   93  38  36  39  48  37  44  65
   440 1 13 3 1   84  44  49  38  42  43  60  61
   441 2 14 5 2   85  49  49  40  55  39  41  42
   441 1 14 6 2   78  38  37  42  30  39  37  37
   442 2 15 2 2   96  46  44   .  55  44  61  44
   442 2 15 2 2  108  37  49  43  48  47  54  51
   443 2 17 1 1   99  55  57  59  40  42   .  47
   443 2 17 1 1  112  52  56  65  46  28  45  48
   444 2 13 2 2   84  44  38  40  41  49  48  54
   444 2 13 2 2  117  55  56  54  61  46  57  68
   445 2 13 5 2  122  63  54  55  56  60  72  44
   445 1 13 6 2  122  70  54  59  53  61  57  43
   446 1 14 4 2  101  45  41  58   .  43  50  41
   446 1 14 4 2   97  56  60  58  47  51  58  58
   447 1 17 4 2  103  51  42  44  59  53  50  55
   447 1 17 4 2   71  38  49  42  29  42  38  42
   448 2 17 5 2   94  43  30  39  49  41  51  38
   448 1 17 6 2  106  63  57  52  52  49  60  45
   449 2 13 5 2  109  58  48  43  54  53  63  52
   449 1 13 6 2   90  47  36  49  39  37  40  42
   450 2 14 5 2  112  55  59  62  64  61  56  59
   450 1 14 6 2   88   .  36  37  36  50  54  48
   451 1 17 4 2  114  55  59  54  49  51  55  59
   451 1 17 4 2  126  66  64  67  68  48  52  53
   452 2 17 1 1  124  62  58  60  60  39  44  67
   452 2 17 1 1  113  59  47  64  54  50  55  52
   453 2 13 2 2  109  53  57  68  59  55  48  48
   453 2 13 2 2    .  71  59  70  44  67  51  66
   454 2 17 1 1  119  56  47  60  69  56  65  59
   454 2 17 1 1  120  46  59  64  56  64  59  50
   455 2 18 1 1   97  53  42  39  55  45  55  48
   455 2 18 1 1   79  44  36  47  44  38  40  34
   456 2 13 1 1  119  72  60  61  46  52  54  48
   456 2 13 1 1  116  54  51  71  48  49  45  54
   457 2 17 1 1   94  48  56  54  45  53  43  49
   457 2 17 1 1   83  38  36  39  36  47  37  55
   458 2 14 2 2  111  61  52  53  50  43  56  58
   458 2 14 2 2  101  55  62  65  34  32  52  62
   459 1 18 3 1   98  54  54  50  46  44  47  61
   459 1 18 3 1   95  57  40  36  45  56  44  53
   460 1 16 3 1  119  47  48  46  61  53  58  43
   460 1 16 3 1  110  47  45  49  55  54  58  54
   461 2 15 5 2   70  34  33  41  42  39  49  51
   461 1 15 6 2   84  50  45  45  48  57  43  45
   462 2 15 2 2  113  59  58  58  47  50  54  42
   462 2 15 2 2  110  62  67  64  45  54  66  55
   463 1 15 4 2   92  48  44  36  49  51  38  47
   463 1 15 4 2   76  43   .  46  35  36  32  48
   464 2 18 2 2   79  35  34  34  41  31  38  45
   464 2 18 2 2   93  49  41  45  43  37  42  52
   465 1 15 4 2  120  56  53  56  64  54  61  45
   465 1 15 4 2  113  65  61  60  65  70  62  52
   466 1 17 3 1   90  31  35  47  46  54  48  50
   466 1 17 3 1   94  39   .  59  51  42  44  60
   467 2 14 2 2  117  58  69  65  55  66  59  47
   467 2 14 2 2  107  49  51  53  39  39  46   .
   468 1 16 3 1  113  52  60  60  76  64  53  72
   468 1 16 3 1  103  58  56  53  54  43  49  57
   469 2 15 5 2  123  59  58  56  46  37  51  59
   469 1 15 6 2   92  46  43  42  52  52   .  62
   470 2 17 5 2  120  71  59  52  55  63  64  62
   470 1 17 6 2   97  54  56  53  49  54  42  57
   471 2 14 1 1   91  47  47  40  43  42  42  52
   471 2 14 1 1   87  54  47  50  29  29  45  49
   472 2 14 5 2  105  67  52  51  60  49  54  43
   472 1 14 6 2  101  54  47  43  41  43  48  57
   473 2 15 1 1  104  60  59  64  44  43  54  48
   473 2 15 1 1  100  45  55  53  50  55  56  47
   474 2 17 2 2  105  48  58  44  74  63  69  40
   474 2 17 2 2  100  43  46  44  58  65  69  52
   475 2 14 1 1  120  46  59  59  53  52  48  50
   475 2 14 1 1  108  61  56  45  53  55  49  51
   476 2 18 1 1   91  40  58  54  42  42  44  54
   476 2 18 1 1   87  57  56  59  39  33  38  33
   477 2 15 5 2  109  56  53  55  53  57  62  56
   477 1 15 6 2    .  58  66  47  60   .  54  38
   478 1 13 3 1   86  36  46  37  29  44  43  37
   478 1 13 3 1   90  43  47  47  50  48  52  36
   479 2 16 1 1  109  56  61  46  59  58  54  59
   479 2 16 1 1   95  54   .  45  42  39  36  35
   480 1 14 4 2    .  64  62  64  60  59  66   .
   480 1 14 4 2  101  57  55  41  45  52  68  58
   481 2 18 5 2  102  56  55  55  45  53  32  30
   481 1 18 6 2   86  54  44  49  29  46  48  52
   482 1 17 4 2   91  37  42  40  40  38  44   .
   482 1 17 4 2  104  57  45  57  45  57  55  51
   483 2 14 2 2   96  48  50  56  50  56  51  54
   483 2 14 2 2   97  63  59  51  55  54  49  42
   484 2 15 5 2  114  45  49  47  54  59  50  38
   484 1 15 6 2  103  52  64  64  51  49  37  47
   485 2 16 5 2  101  50  40  36  58  42  57  41
   485 1 16 6 2  131  61  65  71  67  52  68  63
   486 1 15 3 1  145  47  53  65  67  67  56  59
   486 1 15 3 1  129  55  56  59  57  51  53  51
   487 2 14 5 2  107  55  62  72   .  49  54  43
   487 1 14 6 2  121  68   .  68  62  43  49  56
   488 2 16 5 2   81  45  47  38  35  41  46  36
   488 1 16 6 2  104  65   .  53  35  41  37  54
   489 1 16 3 1   83  51  59  54  41  45   .  60
   489 1 16 3 1   83  53  57  53  65  54  57  54
   490 2 15 5 2   58  45  43  41  43  35  39  42
   490 1 15 6 2   82  40  41  48  38  42  39  53
   491 1 13 3 1   97  42  43  38  31  36  39  53
   491 1 13 3 1   83  37  53  43  34  47  50  52
   492 1 14 3 1  111  53  52  50  52  63  52  55
   492 1 14 3 1  115  69  63  65  48  57  70  68
   493 2 15 5 2  108  52  42  64  52  63  66  55
   493 1 15 6 2   91  47  48   .  40  56  60  69
   494 1 15 4 2   87  35  43  48   .  47  33  46
   494 1 15 4 2   87  41  41  38  41  40  37  52
   495 1 15 4 2   90  47  55  54  45  43  57  56
   495 1 15 4 2  104  45  63  49  52  48  54  35
   496 2 17 2 2   86  42   .  46  52  51  53  48
   496 2 17 2 2   71  45  41  43  47  48  41  54
   497 1 18 4 2   89  45  36  35  39  49  50  56
   497 1 18 4 2  103   .  43  36  49  55  55  45
   498 2 14 5 2   80  40  38  50  39  42  51  60
   498 1 14 6 2   94  44  36  44  54  54  53  35
   499 2 13 5 2  102  43  31  41  65  70  61  56
   499 1 13 6 2  113   .  41  57  54  58  63   .
   500 1 14 3 1  100  53  39  51  52  55  57  53
   500 1 14 3 1  103  62  47  56  49  53  43  48
   501 2 16 5 2  111  57  54  48  58  64  62  66
   501 1 16 6 2  107  45  42  57  60  55  52  69
   502 1 15 4 2   88  38  52  50  55  54  50  37
   502 1 15 4 2  113  59  48  47  59  41  56  48
   503 2 15 1 1   84  62  46  47  46  43  41  42
   503 2 15 1 1  114  61  55  48  53  68  57  62
   504 2 13 5 2   74  45  36  46  43  40  46  57
   504 1 13 6 2   99  41  43  38  63  50  57  34
   505 1 13 3 1  104  43  49  48  49  48  54  49
   505 1 13 3 1  109  59  58  58  38  60  48  57
   506 2 14 5 2   98  39  34  50  50  39  46  56
   506 1 14 6 2  101   .  57  59  51  36  36  51
   507 2 16 5 2  125  64  87  80  50  64  62  61
   507 1 16 6 2  113  48  49  53  44  47  52  57
   508 2 15 5 2   65  28  39  33  38  36  24  64
   508 1 15 6 2   79  33   .  27  37  38  55  43
   509 1 15 4 2  108  55  59  54  65  62  64  49
   509 1 15 4 2  106  47  55  43  58  52  60  51
   510 2 14 5 2   89   .  47  51  32  35  39  24
   510 1 14 6 2   91  54  49  59  60   .  48  66
   511 2 14 2 2   98  60  64  56  32  26  39  52
   511 2 14 2 2  101  54  52  59  46  48  50  43
   512 2 15 1 1  110  45  53  43  43  48  57  44
   512 2 15 1 1   98  37  44  46  45  51  52  42
   513 2 17 5 2  103  48  44  49  49  47  41   .
   513 1 17 6 2   93  43  45  39  39  33  38  39
   514 2 14 5 2   94  46   .  53  58  51  54  54
   514 1 14 6 2   78  41  46  40  50  48  36  46
   515 2 16 2 2  112  61  61  58  65  65  55  57
   515 2 16 2 2  113  49  54  54  59  65  57  71
   516 2 15 2 2   63  40  36  41   .  24   8   .
   516 2 15 2 2   70  18  30  20  30  39  44  34
   517 2 17 2 2   77  47  38  51  43  41  38  43
   517 2 17 2 2   87  51  56  62  49  50  49  49
   518 1 16 3 1  119  48  57  55  66  65  53  66
   518 1 16 3 1  111  55  58  59  58  50  50  60
   519 2 16 5 2  113  57  66  62  52  62  58  58
   519 1 16 6 2   95  54  46  46  54  55  40  39
   520 2 16 5 2  117  60  63  45  72  73  64  62
   520 1 16 6 2  116  66   .  53  52  59  63  55
   521 1 15 3 1   78  36  25   .  52  40  44  42
   521 1 15 3 1   77  27  21  20  46  38   .  44
   522 2 18 5 2   99  52  71  62  47  53  48  70
   522 1 18 6 2  107  49  52  47  54  47  41  28
   523 1 13 4 2  100  39  47  47  48  38  29  56
   523 1 13 4 2   98  54  51  46  49  39  51  54
   524 1 15 4 2  101  38  49  45  52  51  44  50
   524 1 15 4 2   86  64  52   .  52  46  58  65
   525 1 13 3 1  100  50  51  56  50  54   .  49
   525 1 13 3 1  119  58  59  64  63  72  64  51
   526 2 17 2 2   73  36  30  41  42  39  45  41
   526 2 17 2 2   87  39  49   .  38  55  44  58
   527 2 16 5 2   99  38  38  35  44  50  44  57
   527 1 16 6 2  112  49  53  53  48  44  41  58
   528 2 17 2 2  113  53  56  47  57  60  49  39
   528 2 17 2 2  114  49  55  58  53  61  57  50
   529 2 18 5 2   88  59   .  59  40  46  43  50
   529 1 18 6 2   96  56  62  64  57  53  57  51
   530 2 15 5 2  115  55  59  59  48  53  51  48
   530 1 15 6 2  124  67  76  48  62  54  53  48
   531 2 17 5 2  118  52  49  47   .  54  63  46
   531 1 17 6 2  128  53  60  60  51   .  67  77
   532 2 14 2 2  103  38  37  47  51  42  47  45
   532 2 14 2 2   81  39  37  32  42  29  36  41
   533 1 16 3 1   91  53  48  38  41  47  58  55
   533 1 16 3 1   76  43  44  45  22  38  50  29
   534 2 16 2 2   79  55  49  50  51  42  33  47
   534 2 16 2 2   90  51  48  45  47  32  36  60
   535 1 16 4 2   95  63  52  54  45  37  49  33
   535 1 16 4 2   88  64  63  65  52  48  57  46
   536 2 13 5 2  129  73  66  68  70  75  59  71
   536 1 13 6 2  119  67  65  56  63  62  67  49
   537 1 17 3 1  111  48  49  56  46  48  52  66
   537 1 17 3 1  114  54  51  57  59  53  60  56
   538 1 17 4 2  108  73  67  78  47  53  46  42
   538 1 17 4 2    .  57  67  66  59  62  62  64
   539 1 15 3 1   93  29  27   .  54  42  38  53
   539 1 15 3 1   88  51  37  50  59  45  44  54
   540 2 16 5 2   87  38  40  36  62  51  58  43
   540 1 16 6 2   81  41  31  40  49  49  54  36
   541 2 15 2 2   67  50  51  43  32  34  28  55
   541 2 15 2 2    .  40  37  33  52  42  45  45
   542 2 15 5 2  111  56  65  68  44  32  43   .
   542 1 15 6 2  105  44  52  52  48  47  48  28
   543 2 15 1 1  108  53  49  59  45  47  43  47
   543 2 15 1 1  105   .  59  55  57  40  47  50
   544 2 15 5 2  106  53  51  49  47  63  60  55
   544 1 15 6 2  111  58  62  56  60  59  53  54
   545 1 18 3 1   88  40  40  46  50  55  41  43
   545 1 18 3 1   78   .  40  47  38  34  33  35
   546 1 15 3 1  121  72  51  58  50  58  61  50
   546 1 15 3 1  116  64  58  57  51  57  55  49
   547 2 14 2 2    .  43  54  49  61  61  59  59
   547 2 14 2 2  109  48  52  47  50  52  47  59
   548 1 18 3 1   94  46  53  62  57  42  35  47
   548 1 18 3 1   87  41  33  42  54  47  43  38
   549 1 16 4 2   97  47  59  51  48  58  60  52
   549 1 16 4 2  112  47  35  56  48  41  56  55
   550 2 15 5 2  107  48  38  48  54  56  52  38
   550 1 15 6 2   87  41  27  32  45  54  45  44
   551 2 18 5 2  100  42  40  44  45  56  48  44
   551 1 18 6 2   95  46  44  51  43  49  47  61
   552 2 18 5 2   97  48  49  41  54  59  59  62
   552 1 18 6 2  117  56  58  55  61  62  57  54
   553 2 15 2 2  125  63  67  59  50  43  45  59
   553 2 15 2 2  127  60  67  63  50  52  53  61
   554 2 16 5 2  115  43  57  51  54  48  61  50
   554 1 16 6 2  117  49  39  48  58  60  50  47
   555 2 13 1 1  110  59  66  59  48  54   .  63
   555 2 13 1 1  122  62  54  55  65   .  62  49
   556 1 14 3 1   85  43  34  36  54  43  48  37
   556 1 14 3 1  101  50  45  54  51  35  53  54
   557 2 16 2 2   94  50  46  48  41  38  43  52
   557 2 16 2 2   95  55  40  60  52  59  44  61
   558 1 15 4 2   84  44  53  42  42  37  48  56
   558 1 15 4 2  105  41  60  51  49  53  49  48
   559 2 16 2 2  115  44  47  51  49  54  52  59
   559 2 16 2 2  105  44  42  47  50  61  48  55
   560 2 13 1 1  107  62  63  52  50  45  37  52
   560 2 13 1 1  110  52  55  53  50  55  44  65
   561 2 18 1 1  109  47  33  35  64  67  64  45
   561 2 18 1 1   96  57  42  38  48  54  54  45
   562 1 13 4 2  118  65  60  61  54  47  60  44
   562 1 13 4 2  105  53  60  50  50  50  61  52
   563 2 13 1 1   88  46  44  52  34  30  45  48
   563 2 13 1 1  106  57  63  53  33  39  45  44
   564 1 16 3 1   90  34  53  56  39  38  31  47
   564 1 16 3 1  101  34  56  55  38  37  43  39
   565 2 18 1 1   95  40  42  51  36  48  43  58
   565 2 18 1 1   87  47  44  46  66  48  58  53
   566 2 16 5 2   97   .  55  59  31  44  44  56
   566 1 16 6 2   98   .  50  64  53  48  50  67
   567 2 17 1 1  100  58  63  52  39  43  57  51
   567 2 17 1 1  106  56  62  61  34  40  53  49
   568 1 17 3 1  126  60  59  53  65  59  59  52
   568 1 17 3 1  123  56  51  56  63  64  63  59
   569 2 18 5 2   99  54  43  54  45  61  59  34
   569 1 18 6 2   93  55  55  48  36  54  50  46
   570 2 17 1 1  126  63  70  68  57  63  56  54
   570 2 17 1 1  137  55  70  65  58   .  60  63
   571 2 17 2 2   71  41  41  36  34  46  32  38
   571 2 17 2 2   92  46  50  40  57  54  50  54
   572 2 16 2 2   95  24  36   .   .  51  48  38
   572 2 16 2 2   89  44  52  44  40  49  53  52
   573 1 14 3 1   96  50  72  52  47  44  46  41
   573 1 14 3 1   87  54  51  58  50  59  51  51
   574 2 13 5 2  104  57  53   .  69  57  55  56
   574 1 13 6 2  110  59  51  54  60  52  52  46
   575 1 14 3 1   96  60  61  54  47  56  54  44
   575 1 14 3 1    .  42  38  44  37  48  56  36
   576 2 14 5 2  104  48  56  52  50  50  59  57
   576 1 14 6 2  106  34  45  45  45  62  77  59
   577 1 14 3 1   97  43  43  41  43  38  46  48
   577 1 14 3 1   92  55  51  51  43  41  39  59
   578 2 18 5 2  102  58  55  52  55  50  57  54
   578 1 18 6 2   91  41  48  51  51  49  39  37
   579 1 14 4 2   87  32  36  28  53  50  50  50
   579 1 14 4 2   98  51  50  50  61  55  53  47
   580 2 13 5 2  123  67  58  59  60  54  59  57
   580 1 13 6 2  106  53  49  50  50  53  42  45
   581 1 14 3 1   91  45  51  40  52  54  48  48
   581 1 14 3 1   88  45  41  28  48  42  40  52
   582 2 17 5 2  103  51  57  45  60  49  53  42
   582 1 17 6 2  102  56  45  51  59  52  52  50
   583 2 16 1 1   71  50  53   .  31  30  29  43
   583 2 16 1 1   75  34  42  42  25  30  29   .
   584 2 14 2 2  101  61  49  54  57  70  53  49
   584 2 14 2 2  104  66  44  37  49  46  40  39
   585 2 16 5 2  100  37  42  39  53  43  51  44
   585 1 16 6 2  102  53  40  44  63  61  64  45
   586 2 14 2 2   75  31  42   .  34  30  42  31
   586 2 14 2 2   80  41  51  54  44  34  40  43
   587 2 14 5 2   96  44  58  48  52  62  50  55
   587 1 14 6 2  106  53  42  51  68  68  61  51
   588 1 16 3 1  100  56  59  53  43  39  58  57
   588 1 16 3 1   91  43  36  43  45  58  66  34
   589 2 17 2 2  101  54  45  52  55  57  50  60
   589 2 17 2 2  102  42  35  41  43  57  56  63
   590 1 16 4 2  111  57  63  72  40  39  37  54
   590 1 16 4 2   86  40  50  44  22  26  21  35
   591 1 17 3 1  128  65  64  70  50  54  54  49
   591 1 17 3 1  115  66  76  67  37  39  40  45
   592 1 17 4 2  105  54  40  55  49  38  47  42
   592 1 17 4 2   83  46  45  50  48  46  41  53
   593 2 15 1 1   99  56  47  49  44  43  46  55
   593 2 15 1 1  101  58  45  60  43  45  30  34
   594 2 17 2 2  103  33  38  40  53  37  42  53
   594 2 17 2 2  103  44  42  42  59  52  46  45
   595 1 16 4 2   97  48  40  44  44  36  39  56
   595 1 16 4 2   99  45  42  48  51  50  56  58
   596 2 17 1 1   80  45   .  40  38  40  39  66
   596 2 17 1 1   87  42  39  36  41  37  44  63
   597 2 17 5 2   89  54  61  49  38  50  47  51
   597 1 17 6 2  100  48  60  49  47  58  63   .
   598 2 16 2 2   84  39  41  44  41  35  43  52
   598 2 16 2 2  108  49  54  57  79  62  59  58
   599 2 15 5 2   80  19  43  29  53  46  32  48
   599 1 15 6 2   95  43  40  39  32  53  50  43
   600 2 16 1 1  104  49  51  43  50  53  47  40
   600 2 16 1 1  111  42  48  45  60  50  49  58
   601 2 17 2 2   94  59   .  55  49  51  51  52
   601 2 17 2 2    .  55  57  46  52  60  53  57
   602 2 13 5 2   90  41  37  37  44  49  59  62
   602 1 13 6 2  113  46  58  57  52  41  64  51
   603 2 13 2 2   96  68  48  53  43  37  47  39
   603 2 13 2 2  109  40  46  55  57  44  50  40
   604 2 15 5 2   91  50  46  47  31  30   .  41
   604 1 15 6 2   78  35  38  42  49  45  37  32
   605 2 17 2 2  111  43  27  49  36  47  50  47
   605 2 17 2 2   82  56  35  40  29  46  38  36
   606 2 17 2 2   97  47  46  43  49  64  55  45
   606 2 17 2 2  102  57  42  46  61  68  61  64
   607 2 15 1 1   98  52  40  47  43  41  40  47
   607 2 15 1 1  120  51  50  42  55  59  53  48
   608 2 17 2 2  115  60  55  61  69  76  61  54
   608 2 17 2 2  122  59  62  67  59  69  63  59
   609 2 14 5 2  104  39  36  42  48  55  49  54
   609 1 14 6 2  111  45  58  56  55  56  53  47
   610 2 15 1 1   88  54  38  43  44  50  39  46
   610 2 15 1 1    .  51  45  43  47  57  34  47
   611 2 13 5 2  120  66  66  68  67  63  73  49
   611 1 13 6 2   94  46  45  48  60  60  68  58
   612 2 14 2 2   60   .  39  43  30  37  25  32
   612 2 14 2 2  100  45  56  47  42  45  60  62
   613 2 16 5 2  101  51  59  66  58  58  50   .
   613 1 16 6 2  103  55  52  59  51  64  50  56
   614 2 16 5 2   81  24  37  35  48  34  40  47
   614 1 16 6 2  105  56  42  44  39  42  53  55
   615 2 17 1 1  124  51  54  61  60  63  65  51
   615 2 17 1 1  130  61  67  65  53   .  64  78
   616 1 14 4 2  103  45  46  51  60  48   .  32
   616 1 14 4 2  116  54  56  50  46  45  58  28
   617 2 18 1 1   91  58  59  64  52  42  54  43
   617 2 18 1 1   92  54  50  49  44  52  46  57
   618 1 17 3 1   96  64  50  50  53  52  50  46
   618 1 17 3 1   92  39  47   .  45  52  45  51
   619 2 17 5 2  100  57  45  51  55  53  53  51
   619 1 17 6 2  117  49  58  60  61  54  60  57
   620 2 16 5 2   55  31  31  20  27  24  19  29
   620 1 16 6 2   84  35  39  39   .  54  50  57
   621 2 16 5 2   98  53  47  51  51  51  51  52
   621 1 16 6 2  103  54  54  46  50  51  33  42
   622 2 15 2 2  122  47  67  72  71  49  65  52
   622 2 15 2 2  102  54  55  54  61  47  45  53
   623 2 17 2 2   98  63  62  54  59  42  44  50
   623 2 17 2 2  114  60  53  74  63  61   .  50
   624 1 16 3 1  121  76  78  73  63  69  53  63
   624 1 16 3 1  112  63  67  63  64  71  53  77
   625 2 18 2 2  117  62  61  56  63  50  63  46
   625 2 18 2 2  109  53  49  52  54  52  48  47
   626 1 16 3 1  116  47  38  55  59  56  60  61
   626 1 16 3 1  102  51  45  45  55  58  55  68
   627 2 17 5 2   88  45  52  59  41   .  46  29
   627 1 17 6 2   85  35  40  49  36  43  54  42
   628 2 18 5 2   85  38  42  34  44  49  61   .
   628 1 18 6 2  106  44  63  46  58  60  56  56
   629 1 15 4 2  107  69  60  52  45  58  55  41
   629 1 15 4 2    .  54  59  52  47  46  51  59
   630 1 15 3 1  138  55  69   .  61  50  57   .
   630 1 15 3 1  142  66  60  79  64  52  59  67
   631 2 14 5 2  113  53  60  58  53  53  55  55
   631 1 14 6 2  114  48  52   .  49  44  48  58
   632 2 14 5 2   97  45  39  39  43  54  64  62
   632 1 14 6 2   93  46  38  47  47  51  57  77
   633 2 15 5 2  102  48  55  56  50  48  58  51
   633 1 15 6 2   99  54  51  56  43  38   .  49
   634 2 18 5 2  139  75  77  84  89  75  70  73
   634 1 18 6 2  143  72  73  64  78   .  68  72
   635 2 15 5 2  100  44  45  52  49   .  62  34
   635 1 15 6 2   81  44  37  45  45  31  46  42
   636 2 16 5 2   98  58  54  53  49  45  62  61
   636 1 16 6 2    .  56  56  52  60  56  51  49
   637 2 16 2 2  117  56  57  51   .  59  69  60
   637 2 16 2 2  116  46  53  46  58  49  52  49
   638 1 16 3 1   74  38  47  56  35  40  34  48
   638 1 16 3 1   74  40  47  51  23  33  30  44
   639 2 15 2 2  109  62  52  66  53  53  56  51
   639 2 15 2 2   97  49  48  49  42  57  62  45
   640 2 17 5 2   90  59  48  47  44  37  42  48
   640 1 17 6 2   96  52  37  59  41  56  53  59
   641 2 14 5 2  118  40  53  51  48  56  47  42
   641 1 14 6 2  126  65  57  60  65  57  58  57
   642 2 18 5 2  114  44  44  55  55  53  50  68
   642 1 18 6 2   86  50  47  59  54  66  61  58
   643 2 15 2 2    .  55  60  60  60  57  58  44
   643 2 15 2 2  100  51  44  54  40  34  30  68
   644 2 14 5 2   85  48  46  38  37  34  41  53
   644 1 14 6 2   81  53  44  50  38  39  39  59
   645 1 15 4 2  102  48  44  38  47  41  55  60
   645 1 15 4 2  102  44  47  48  51  50  41  57
   646 2 17 2 2   84  45  54  38  41  32  27  46
   646 2 17 2 2   90  60  46  45  51  44  44  61
   647 1 16 4 2  117  43  38  47  63  48  55  55
   647 1 16 4 2  102  48   .  56  57  54  58  43
   648 1 16 3 1   66  45  32  33  35  41  39  37
   648 1 16 3 1   66  51  51  41  26  37  44  46
   649 2 15 2 2   94  58  47  51  46  38  50  46
   649 2 15 2 2   97  47  45  46  57  56  45  71
   650 2 16 5 2    .  53  55  54  69  59  76  57
   650 1 16 6 2   85  54  41  53  45  34  60  53
   651 1 17 3 1   78  40  47  43  46  47  45  47
   651 1 17 3 1   86  46  47  39  56  50  49  59
   652 2 16 1 1   87  50  48  45  38  41  38  46
   652 2 16 1 1   94  62  61  49  40  43  37  37
   653 2 13 5 2  120  51  52  58  50  54  49  46
   653 1 13 6 2  106  45  47  37  57  51  55  40
   654 1 17 4 2  116  52  57  62  64  55  57  62
   654 1 17 4 2  109  47  46  59  54  49  56  46
   655 2 17 2 2   79  42  48  43  22  36  37  53
   655 2 17 2 2  107  49  53  42  46  60  44  43
   656 2 15 2 2  106  53  61  57  64  51  47  53
   656 2 15 2 2  107  50  51  55  61  62  70  50
   657 2 17 5 2  118  59  71  62  65  52  58  70
   657 1 17 6 2   93  50  49  45  43  41  55  56
   658 1 17 3 1   89  52  39  39  48  47  50  58
   658 1 17 3 1   94  51  45  44  50  42  51  51
   659 2 13 2 2   84  41  38  37  42  49  41  38
   659 2 13 2 2   94  51  42  45  41  39  42  48
   660 2 18 2 2  143  77  73  73  67  74  64  60
   660 2 18 2 2  110  59  55  68  62  61  62  58
   661 2 14 2 2  115  58  68   .  46  52  44  76
   661 2 14 2 2  103  53  47  56  39  55  50  58
   662 1 13 4 2   87  44  60  38  35  38  50  53
   662 1 13 4 2  100  54  43  42  31  36  32  51
   663 2 14 2 2  100  34  36  29  48  34  41  40
   663 2 14 2 2  108  51  50  45  48  48  47  48
   664 2 14 2 2  107  58  59  47  52  43  54  57
   664 2 14 2 2  126  59  63  73  59  52  62  49
   665 1 15 4 2  104  54  55  56  44  42  54  60
   665 1 15 4 2  100  44  41  45  46  46  32  55
   666 2 17 5 2  128  58  70  60  61  58  57  58
   666 1 17 6 2  109  58  53  62  63  65  71  59
   667 2 17 1 1   86   .  50  44  36  48  40  33
   667 2 17 1 1   86  51  35  39  40  26  39  42
   668 2 16 5 2  115  53  59  54  52  55  66  50
   668 1 16 6 2  109  51  46  47  56  44  58  48
   669 1 15 4 2  108  40  70  61  42  30  53  50
   669 1 15 4 2  129  67  56  62  65  63  65  74
   670 1 18 4 2  116  52  64  49  47  50  54  55
   670 1 18 4 2  100  42  56  48  44  47  47  18
   671 2 16 1 1  123  49  53  59  54  58  60  75
   671 2 16 1 1  123  56  56  51  63  68  86  70
   672 1 15 3 1  112  48  57  59  49  55  61  62
   672 1 15 3 1  121  54  65  70  65  65  50  75
   673 1 15 3 1  111  50  53  56  39  39  36  42
   673 1 15 3 1  101  51  58  62  37  34  32  45
   674 1 14 3 1   97  47  54  50   .  58  47  61
   674 1 14 3 1   99  46  53  45   .  47  41  43
   675 1 15 3 1  123  64  53  49  56  64  72  42
   675 1 15 3 1  124  67  59  62  64  70  68  60
   676 2 15 5 2  107  57  47  48  60  53  71  58
   676 1 15 6 2   88  48  49  45  46  45  44  61
   677 2 17 2 2   75  47  44  45  53  45  43  55
   677 2 17 2 2   94  35  42  44  44  37  50  46
   678 1 14 3 1  111  56  61  60  39  41  51  51
   678 1 14 3 1  102  51  57  54  47  63  52  55
   679 2 18 5 2   98  49  46  41  44  55  57  40
   679 1 18 6 2  106  47  42   .  64  51  49  52
   680 2 14 1 1  118  48  46  45  51  58  65  63
   680 2 14 1 1  121  48  52  51  45  62  54  45
   681 2 16 1 1  119  58  76  56  51  53  53  35
   681 2 16 1 1  129  56  68  54  66  65  67  56
   682 2 18 5 2  125  64  58  54  61  56  65  46
   682 1 18 6 2  126  59  63  60  54  56  58  62
   683 2 14 2 2   87  51  44  40  52  41   .  40
   683 2 14 2 2   89  40  45  36  58  42  51  39
   684 2 15 5 2   94  41  45  35  49  47  55  52
   684 1 15 6 2   70  25  33  40  34  31  29  47
   685 2 15 5 2   90  34  43  42  56  55  49  39
   685 1 15 6 2  118  47  49  40  63  50  65  40
   686 2 17 1 1   89  48  41  44  46  44  32  55
   686 2 17 1 1   75  38  35  29  33  40  23  48
   687 2 15 1 1  100  49  48  52  52  58  48  44
   687 2 15 1 1   83  38  34  36  39  41  53  35
   688 2 17 5 2  114  53  52  55  44  44  55  56
   688 1 17 6 2   97  57  54  64  55  44  50  61
   689 2 15 5 2  132  69  69  61  63  61  45  50
   689 1 15 6 2  106  56  61  50  55  53  51  41
   690 1 15 3 1  123  47  48  62  68  68  67  76
   690 1 15 3 1  123  62  56  58  71  75  69  55
   691 2 17 5 2  128  68  60  62  52  56  58  51
   691 1 17 6 2  132  77  68  60  61  76  79  50
   692 2 18 5 2   76   .  35  43  37  44  58  55
   692 1 18 6 2   72  41  47  45  31  31  45  46
   693 2 14 2 2  120  45  46  41  53  40  52  51
   693 2 14 2 2   89  49  45  42  31  26  41  47
   694 2 17 1 1   96  47  35  24  43  40  57  47
   694 2 17 1 1  101  44  46  41  44  52  63  49
   695 2 14 2 2   96  45  54  50  48  46  47  57
   695 2 14 2 2  103  39  42  54  48  49  41  27
   696 2 13 2 2  113  53  43  46  52  42  41  40
   696 2 13 2 2  104  45  34  43  48  50  49  45
   697 2 16 5 2  107  52  57  64  32  43  47  61
   697 1 16 6 2  102  58  57   .  53  55  51  60
   698 1 15 3 1  108  72  47  52  49  63  61  51
   698 1 15 3 1  120  64  57  60  51  66  63  59
   699 2 14 1 1   90  49  56  52  38  36  30  25
   699 2 14 1 1  100  60  59  57  57  46  35  50
   700 2 16 5 2  120  45  49  52  56  55  52   .
   700 1 16 6 2  116  65  64  65  69  44  50  65
   701 2 16 1 1  108  57  59  63  51  62  61  49
   701 2 16 1 1  106  52  57  52  41  38  53  59
   702 1 14 3 1  110  43  50  40  64  58  59  42
   702 1 14 3 1  119  58  52  56  64  59  59  56
   703 2 13 1 1   95  49  40  31  67  45  55  57
   703 2 13 1 1  108  59  55  58  47  41  43  61
   704 1 14 3 1   94  50  41  31  47  52  59  49
   704 1 14 3 1   79  52  42  39  30  44  36  50
   705 2 14 2 2   82  49  50  41  31  32  21  34
   705 2 14 2 2  100  58  72  53  43  43  28  54
   706 2 17 2 2   83  37  29  36  48  46  45  48
   706 2 17 2 2   94  52  55  41  52  37  54  40
   707 2 18 5 2  101  53  46  58  50  55  47  40
   707 1 18 6 2  108  55  50  52  45  50  41  48
   708 2 14 1 1    .  62  53  60  58  59  51  42
   708 2 14 1 1  118  68  61  51  65  54  57  56
   709 1 17 3 1  101  56  49  59  57  59  45  41
   709 1 17 3 1  104  56  60  53  59  61  49  46
   710 2 13 1 1  111  52  56   .  42  53  49  65
   710 2 13 1 1  110  50  51  49  44  51  63  56
   711 2 18 5 2   99  64  61   .  49  54  56  61
   711 1 18 6 2  119  48  49  56  59  68  52  47
   712 2 15 5 2  100  58  63  55   .  45  42  45
   712 1 15 6 2   91  60  68  59  57  53  41  51
   713 2 16 5 2  103  45  45  50  45  41  46  58
   713 1 16 6 2  101  42  57  43  63   .  58  49
   714 2 14 5 2   96  36  45  31  37  47  44  55
   714 1 14 6 2  118  79  63  60  70  57  54  61
   715 1 16 3 1  101  54  47  51  52  46  64  30
   715 1 16 3 1  103  49  44  49  52  44  53  34
   716 2 16 1 1   94  36   .  51  46  43  49  56
   716 2 16 1 1   96  50  63  61  46   .  43  53
   717 2 17 1 1  111   .  46  50  55  66  65  51
   717 2 17 1 1  109  54  47  43  60  64  62  59
   718 1 16 4 2    .  47  51  58  60  49  64  61
   718 1 16 4 2  111  49  38  53  43  46  48  51
   719 1 15 3 1   96  47  56  52  53  56  48  60
   719 1 15 3 1   86  42  60  48  54  57  52  47
   720 1 17 4 2  106  49  52  50  52  64  75  47
   720 1 17 4 2  120  64  58  53  50  60  57  50
   721 2 14 5 2   91  40  40  43  43  36  42  41
   721 1 14 6 2   87  56  54  47  56  54  49  52
   722 1 14 3 1  100  52  47  57  47  49  56  53
   722 1 14 3 1  105  62  50  51   .  47  47  63
   723 2 17 5 2   77  57  36  36  51  42  41  58
   723 1 17 6 2   81  39  44  35  55  46  50  40
   724 2 15 5 2   94  47   .  41  45  47  50  44
   724 1 15 6 2   74  40  40  41   .  38  47  41
   725 2 15 5 2  110  71  50  57  59   .  57  58
   725 1 15 6 2   86  49  39  47  47  37  36  59
   726 2 13 5 2   77  34  38  40  33  38  36  41
   726 1 13 6 2   65  38  34  29  42  35  46  49
   727 1 15 3 1  117  44  57  47  61  63  51  48
   727 1 15 3 1  106  51  55  66  65  63  54  48
   728 1 15 3 1   95  40  47  52  41  53  60  37
   728 1 15 3 1   87  57  58  44  41  34  44  59
   729 2 13 5 2   98  51  53  44  26  42  33  40
   729 1 13 6 2  101  47  43  55  41  44  44  52
   730 1 16 4 2   80  59  52  46  51  52  49  46
   730 1 16 4 2   86  57  39  37  45  60  65  46
   731 2 17 5 2   91  49  49  30  57  46  34  57
   731 1 17 6 2   82  40  35  35  44  53  42  41
   732 2 14 5 2  126  54  56  49  72  76  67  64
   732 1 14 6 2  100  69  52  53  51  63  62   .
   733 2 16 2 2  103  57  45  49  51  45  62  53
   733 2 16 2 2  106  53   .  50  53  47  49  63
   734 2 18 1 1   94  49  49  38  46  37  47  51
   734 2 18 1 1  105  60  46  57  47  53   .  57
   735 1 16 4 2    .  66  68  62  65  62  65  46
   735 1 16 4 2  128  64  66  66  66  68  74  54
   736 1 16 4 2   97  44  44  40  49  41  41  32
   736 1 16 4 2   92  46  47  47  50  50  47  42
   737 2 13 2 2   95   .  53  67  55  58  51  41
   737 2 13 2 2  110  47  47  47  66  59  47  60
   738 2 15 1 1  104  46  49  48  36  41   .  39
   738 2 15 1 1   88  45  42  43  42  41  37  54
   739 2 16 5 2   89  39  45  44  48  58  45  62
   739 1 16 6 2   84  51  41  52  35  40  43  50
   740 2 14 5 2  135  72  76  62  61  61  62  80
   740 1 14 6 2    .  60  61  55  65  67  64  74
   741 2 17 5 2   74  43  45  44  27  31  33  43
   741 1 17 6 2   79  35  39  36  33  40  51  38
   742 2 17 5 2   81  47  48  44  41  41  44  46
   742 1 17 6 2  109  51   .  46  44  60  63  60
   743 1 16 3 1  107  55  46  48  50  49  45  47
   743 1 16 3 1  109  53  43  51  59  54  66  58
   744 1 15 4 2  107  56  39  54  39  42  39  44
   744 1 15 4 2  107  58  44  53  41  44  39  48
   745 1 13 4 2   90  42  38  48  43  48  48  46
   745 1 13 4 2   91  47  51  49  55  52  47  49
   746 2 14 1 1   93  48  49  57  39  39  41  54
   746 2 14 1 1    .  59  47  49  39  38  29  39
   747 1 18 3 1  123  69  57  63  48  51  61  51
   747 1 18 3 1  111  60  41  53  34  43  44  48
   748 1 15 4 2   73  41  59  49  45  40  43  45
   748 1 15 4 2   59  48  32  51  31  30  20  31
   749 1 14 4 2   94  40  51  39  49  56  70  48
   749 1 14 4 2  108  49  45  45  50  34  49  51
   750 2 16 1 1  115  57  45  55  43  52  60  42
   750 2 16 1 1  124  45  55  51  56  52  62  40
   751 2 17 5 2  102  50  51  60  58  52  49   .
   751 1 17 6 2  101  49  55  51  67   .  55  37
   752 2 16 2 2   82   .  41  36  30  49  37  60
   752 2 16 2 2   88  45  42  49  51   .  43  52
   753 2 15 2 2  124  49  63  63  75  60   .  47
   753 2 15 2 2  121  69  72  62  64  60  64  49
   754 2 15 5 2   68  41  27  36  45  46  36  60
   754 1 15 6 2   89  35  43  45  48  49  51   .
   755 1 15 3 1   87  44  41  38  36  52  54  35
   755 1 15 3 1   93  42  47   .  45  49  50  45
   756 2 18 2 2  112  48  58  51  47  56  67  39
   756 2 18 2 2  104  51  50  52  49  58  67  62
   757 1 16 4 2  119  62  62  55  60  57  56  61
   757 1 16 4 2  114  67  67  70  53  57  55  54
   758 2 17 1 1  112  74  67  67  54  52  58  67
   758 2 17 1 1  133  68  56  56  65  60  62  58
   759 1 17 4 2  101  56  61  60  48  51  44  50
   759 1 17 4 2  104  51  59  57  42  45  57  62
   760 2 18 1 1   83  44  39  29  43  33  32  41
   760 2 18 1 1   83  49  54  41  35  34  30  45
   761 2 14 2 2   66  49  39  43  38  29  38  37
   761 2 14 2 2    .  44  34  37  40  40  29  42
   762 1 13 3 1   93  38  44  45  47  34  46  46
   762 1 13 3 1   96  40  52  46  60  47  52  53
   763 1 14 3 1  105  49  44  51  55  50  57  48
   763 1 14 3 1  102  43   .  53  50  47  56  59
   764 2 18 1 1  115  58  50  58  65  75  74  56
   764 2 18 1 1  122  49  56  61  70  74  72  63
   765 2 15 2 2  114  57  65  47  50  45  56  45
   765 2 15 2 2   98  47  40  57  48  49  58  38
   766 2 15 5 2   91  44  51  56  43  55  56  50
   766 1 15 6 2  118  51  39  46   .  58  60  52
   767 2 16 1 1   72  46  42  48  42  51  37  34
   767 2 16 1 1   76  34  31  43  48  49  40  48
   768 2 18 1 1   96  51  57  41  35  33  34  30
   768 2 18 1 1   88  51  44  36  54  49  51  36
   769 1 17 3 1   94  52  54  52  57   .  55  42
   769 1 17 3 1   95   .  52  49  55  48  47  67
   770 2 17 2 2  106  58  48  49  53  50  53   .
   770 2 17 2 2  106  48  52  65  52  52  40  47
   771 2 14 2 2   82  33  41  39  46  46  48  41
   771 2 14 2 2   86  46  53  55  39  34  58  55
   772 2 18 1 1   69  46  51  44  29  40  40  35
   772 2 18 1 1   79  55  51  52  29  30  35  27
   773 1 14 3 1  111  68  55  64  37  41  40  44
   773 1 14 3 1  106  56  59  42  38  40  49  38
   774 2 18 5 2  100  48  64  57  46  55  55  49
   774 1 18 6 2  111  53  51  55  57  50  60  51
   775 2 13 2 2    .  39  55  42  50  62  54  58
   775 2 13 2 2   77  50  36  39  45  50  51  59
   776 1 15 4 2  119  57  56  66  63  54  57  53
   776 1 15 4 2   96  47  51  45  39  37  39  49
   777 1 16 3 1   85  31  32  35  41  43  42  50
   777 1 16 3 1   74  32  49  35  35  36  42  45
   778 1 18 3 1   57  24  26  29  42  33  34  34
   778 1 18 3 1   67  36  22  34  43  35  41  31
   779 2 17 1 1   90  36  51  39  35  45  56  37
   779 2 17 1 1   80  33  25  25  29  47  50  55
   780 2 16 2 2  102  54  54  54  57  64  63  38
   780 2 16 2 2  113  67  65  58  55  62  70  74
   781 2 15 5 2  110  56  46  51  62  45  44  47
   781 1 15 6 2   77  47  31  33  45  33  40  55
   782 2 17 1 1   89  47  45  51  52  53  46  72
   782 2 17 1 1   96  49  57  62  58  50  43  68
   783 2 16 2 2   92  42  43  55  46  46  56  54
   783 2 16 2 2   87  42  31  51  57  52  56  46
   784 1 16 4 2  103  56  65  55  61  60  58  66
   784 1 16 4 2   97  49  59  52  60  64  75  36
   785 1 13 3 1   94  53  42  50  46  45  42  41
   785 1 13 3 1   85  51  52  54  44  42  34  63
   786 2 18 5 2   92  45  45  46  45  46  46  57
   786 1 18 6 2    .  62  56  61  49  50  50  52
   787 2 17 5 2  111   .  73  57  62  57  55  71
   787 1 17 6 2  115  54  50  54  60  60  64  64
   788 2 17 1 1  100  49  63  49  50  45  37  46
   788 2 17 1 1   90  48  54  45  58  48  42  42
   789 2 18 1 1   99  52  44  53  40   .  44  48
   789 2 18 1 1   95  51  39   .  41  46  45  62
   790 2 16 2 2  113  63  47  53  53  49  50  57
   790 2 16 2 2   81  43  33  43  35  42  40  25
   791 2 13 5 2  123   .  61  56  53  57  59  47
   791 1 13 6 2   99  33  40  46  44  43  47  44
   792 1 14 4 2   97  53  57  57  51  59  58  47
   792 1 14 4 2   71  39  56  53  46  46  45  44
   793 2 15 2 2   83  50  40  43  59  48  47  49
   793 2 15 2 2   86  50  49  42  42  49  48  44
   794 2 16 1 1  100  42  34  42  60  45  46  48
   794 2 16 1 1   91  42  44  51  63  54  48  51
   795 2 14 1 1   77  46  44   .  48  44  56  40
   795 2 14 1 1   88  44  50  51  55  41  43  45
   796 2 14 5 2   98  30  45  36  58  46  37  48
   796 1 14 6 2   96  42  39  50  60  57  51  78
   797 1 14 3 1   92  56  51  57  40  43  43  42
   797 1 14 3 1  100  51  57  67  63  56  48  49
   798 2 14 1 1   99  45  46  42  49  32  48   .
   798 2 14 1 1   98  34  39  40  43  42  46  42
   799 1 17 4 2    .  60  56  44  51  40  50  53
   799 1 17 4 2  108  54  54  48  52  47  50  38
   800 2 15 5 2  112  62  50  61  50  59  49  48
   800 1 15 6 2  102  62  44  48  54  53  47  62
   801 2 17 5 2  120  51  67  45  54  62  55  61
   801 1 17 6 2  104  54  52  51  55  51  52  39
   802 2 15 5 2  117  59  56  58  42  49  43  69
   802 1 15 6 2   88  46  52  46  49   .  49  42
   803 1 16 4 2   68  37  46  52  57  47  46  47
   803 1 16 4 2  112  46  58  63  50  48  60  60
   804 2 17 5 2  100  37  33  38  56  61  52  56
   804 1 17 6 2  106  45  37  36  45  34  29  43
   805 2 14 2 2  109  66  52  45  60   .  50  52
   805 2 14 2 2  110  57  49  47  53  59  43  67
   806 2 16 2 2  113  57  55  50   .  62  65  45
   806 2 16 2 2  116  70  78  64  52  44  46   .
   807 2 15 5 2   91  45  50  43  48  41  42  57
   807 1 15 6 2  119  54  45  51  62   .  58  49
   808 2 17 5 2  103  53  63  53  58  55  48  54
   808 1 17 6 2  109  51  51  49  62  49  55  49
   809 1 17 3 1   96  38  57  48  44  46  47  39
   809 1 17 3 1   91  32  41  38  43  33  31  52
   810 1 16 3 1  108  65  62  58  57  53  50  39
   810 1 16 3 1   82  51  62  51  41  46  49  62
   811 2 18 1 1  124  72  65  71  53  57  64  51
   811 2 18 1 1  124  48  60  55  42  52  58  65
   812 1 14 3 1  121  60  54  66  44  39  46  69
   812 1 14 3 1  109  55  44  42  55  53  59  74
   813 2 16 5 2  100  49  53  34  42  47  48  43
   813 1 16 6 2  113  51  58   .  57  49  65  46
   814 2 14 1 1  119  75  59  67  61  63  54  58
   814 2 14 1 1  123  67  56  57  64  61  65  50
   815 2 13 5 2  107  56  56  51  64  63  58  57
   815 1 13 6 2  133  73  59  72  56  63  62  55
   816 1 15 4 2    .  60  56  50  43  46  45  44
   816 1 15 4 2   77  40  47  53  49  49  48  32
   817 2 16 5 2   91  44  38  36   .  37  45  54
   817 1 16 6 2  110  63  56  60  56  60  52  63
   818 1 16 3 1   79  38  34  38  35   .  54  57
   818 1 16 3 1   91  49  41  46  44  53  41  44
   819 2 13 2 2  131  67  69  60   .  59  59  79
   819 2 13 2 2  120  56  54  56  59   .  55  57
   820 2 15 2 2  104  48  45  41  53  50  55  63
   820 2 15 2 2   91  46  54  47  50  47  49  32
   821 2 17 2 2    .  49  50  60  44  34  51  43
   821 2 17 2 2  122  69  53  69  58  45  62  57
   822 2 14 2 2   80  43  28  47  34  42  39  38
   822 2 14 2 2   87  37  44  48  47  44  32  45
   823 2 16 1 1   71  36  40  48  38  40  45  24
   823 2 16 1 1   62  29  44  31  40  38  42  39
   824 2 15 1 1  115  63  54  67  53  49  44  62
   824 2 15 1 1  103   .  52  61  55  53  52  55
   825 2 16 5 2    .  59  53  55  61  57  50  35
   825 1 16 6 2  115  49  60  53  54  56  61  54
   826 2 16 2 2   80  36  31  34  47  41  44  49
   826 2 16 2 2   82  45  48  44  54  49  46  37
   827 2 16 5 2  112  48  39  54  62  64  57  54
   827 1 16 6 2  105  37  50  53  51  53  53  54
   828 2 14 5 2   97  42  48  44  45  48  48  47
   828 1 14 6 2  119  60  57  57  58  56  61  58
   829 2 16 1 1  104  53  59  61  58  42  45  46
   829 2 16 1 1  115  48  57  61  67  63  54  54
   830 2 16 5 2  102  46  43  51  50  58  60  48
   830 1 16 6 2   89  46  46  43   .  48  43  39
   831 2 14 1 1  120  65  70  69  57  68  60  40
   831 2 14 1 1    .  59  67  65  64   .  54  56
   832 2 16 5 2  107  42  54  50  71  64  63  60
   832 1 16 6 2  109  60  50  48  67  60  61  53
   833 2 16 2 2  100  55  51  56  37  42  45  58
   833 2 16 2 2   98  55  54  62  36  38  48  55
   834 2 17 2 2  112  58  60  67  51  50  45  49
   834 2 17 2 2  116  51  47  52   .  69  61  46
   835 2 16 1 1  118  48  49  51  65  57  58  57
   835 2 16 1 1  121  47  45  45  60  59   .  67
   836 1 14 4 2   79  39  37  35  41  44  41  46
   836 1 14 4 2   86  41  42  47  50  52  46  59
   837 2 18 5 2   95   .  44  50  46  46  45  37
   837 1 18 6 2   89  32  40  36  54  55  43  36
   838 2 16 5 2  106  47  50  51  58  43  51  43
   838 1 16 6 2   80  51  46  46  46  51  48  42
   839 2 14 1 1   90  33  36  44  46  51  57  47
   839 2 14 1 1   93  44  41  54  55  54  60  50
   840 2 14 1 1   95  60  63  64  57  53  64  35
   840 2 14 1 1   92  62  51  49  58  50  46  45
   841 2 14 2 2  103  56   .  56  69  65  58  51
   841 2 14 2 2  107  59  52  58  58  67  54  55
   842 2 15 5 2   99  40  43  54  48  65  57  58
   842 1 15 6 2   95  59  54   .  44  53  58  50
   843 2 13 5 2   72  36  30  40  47  31  30  52
   843 1 13 6 2   91  41  45  41  45  59  54  45
   844 2 15 1 1   86  46  43  54  51  41  50  33
   844 2 15 1 1   99  51  53  45  46  44   .  43
   845 2 18 1 1   74  36  28  34  41  33  34  49
   845 2 18 1 1   89  59  44  46  51  44  47  29
   846 2 15 2 2   93  45  42  47  34  43  41  50
   846 2 15 2 2  100  50  42  42  54  58  61  59
   847 1 14 4 2   99  47  46  34  52  51   .  66
   847 1 14 4 2  114  57  37  43  64  48  45   .
   848 2 17 2 2   87  31  46  41  54  58  54  46
   848 2 17 2 2  100   .  65  44  55  48  31  33
   849 2 17 2 2  134  68  69  63  53  54  59  53
   849 2 17 2 2  114  54  60  66  52  61  57  67
   850 2 16 5 2   71  33  41  39  44  44  47  57
   850 1 16 6 2   85  34  49  53  63  55  52  57
   851 2 16 5 2  114   .  61  58  47  54  49  53
   851 1 16 6 2  111  54  53  60  51  45  46  72
   852 1 15 3 1  102  50  46  42  48  53   .  56
   852 1 15 3 1  109  51  61  52  50  65  63  55
   853 2 17 2 2  105  53  53  53  48  53  46  53
   853 2 17 2 2   81  45  39  42  47  55  47  50
   854 2 15 2 2  110  36  46  40  47  47  40  47
   854 2 15 2 2   69  35  26  23  39  27  39  49
   855 1 15 4 2  104  35  38  39  49  49  54  51
   855 1 15 4 2   72  23  24  31  47  57  54  34
   856 1 14 4 2   94  47  53  50  45  46  47  55
   856 1 14 4 2  110  73  60  59  56  54  53  56
   857 1 13 4 2   80  39  41  36  41  41  38  46
   857 1 13 4 2  106  60  51  56  55  58  49  57
   858 2 15 1 1   94  48  38  36  55  45  39  54
   858 2 15 1 1  102  41  40  37  41  48  53  47
   859 2 14 2 2  124  70  74  77  56  71  64  50
   859 2 14 2 2  101  51  49  47  43  55  50  54
   860 2 15 1 1  124   .  67  66  60  74  64  46
   860 2 15 1 1  139  68  76  70  78  69  67  68
   861 1 18 3 1   85  47  46  45  54  58  55  54
   861 1 18 3 1   86  56  46  52  50  47  41  47
   862 1 17 3 1   76  40  32  30   .  47  45  54
   862 1 17 3 1   85  38  52  57  38  42  43  50
   863 2 14 2 2   74  25  29  32  33  29  30  57
   863 2 14 2 2   87  43  44  50  30  48  37  62
   864 1 16 3 1   78  42  32  44  44  44  44  50
   864 1 16 3 1   72  42  35  38  41  48  48  47
   865 2 15 5 2   95  49  49  51  49  52  51  39
   865 1 15 6 2   78  39  38  44  38  35  40  50
   866 2 14 5 2   92   .  42  46  58  42  49  39
   866 1 14 6 2   73  39  44  44  46  35  34  43
   867 2 18 1 1  108  65  64  56  46  47  51  60
   867 2 18 1 1  110  49  53  47  49  64  60  58
   868 2 17 2 2   95  48  46  46  40  48  44  47
   868 2 17 2 2   97  61  49  51  59  58  57  43
   869 2 16 5 2  103  56  47  62  43  48  44  54
   869 1 16 6 2  110  54  43  44  38  47  47  53
   870 2 17 1 1   84  41  34  40  29  32  41  41
   870 2 17 1 1   76  45  52  45  17  38  31  57
   871 2 17 5 2  111  76  68  73  50  52  52  78
   871 1 17 6 2  126   .  57  58  57  61  53  53
   872 2 17 5 2   89  47  56  50  34  46  54  60
   872 1 17 6 2   87  39  40  45  50  33  47  42
   873 2 18 5 2  113  49  57  46  49  46  45  38
   873 1 18 6 2  126  62   .  57  73  57  59  48
   874 1 15 3 1  132  68  77  75  73  64  57  48
   874 1 15 3 1  127  72  68  68  70  65  67  47
   875 1 15 3 1  136  74  67  54  74  78  73   .
   875 1 15 3 1  127  62  73  55  74  65  74  54
